2420
6
000100 1.00
110001 1.00
000000 1.00
101111 1.00
100111 1.00
011000 1.00
111111 1.00
000000 1.00
001111 1.00
111000 1.00
000111 1.00
111111 1.00
101110 1.00
010000 1.00
101111 1.00
001011 1.00
111111 1.00
000100 1.00
000000 1.00
001111 1.00
111000 1.00
111111 1.00
011000 1.00
101111 1.00
000101 1.00
000010 1.00
000111 1.00
001110 1.00
111111 1.00
101111 1.00
001000 1.00
100111 1.00
011010 1.00
010110 1.00
001110 1.00
011100 1.00
101101 1.00
111111 1.00
101111 1.00
000000 1.00
110111 1.00
101111 1.00
000100 1.00
001100 1.00
001110 1.00
111111 1.00
111111 1.00
001001 1.00
111111 1.00
111111 1.00
000100 1.00
100111 1.00
011110 1.00
101111 1.00
000111 1.00
001110 1.00
010100 1.00
101110 1.00
010100 1.00
111111 1.00
111111 1.00
111010 1.00
000101 1.00
111101 1.00
000111 1.00
111111 1.00
111101 1.00
111001 1.00
111111 1.00
101110 1.00
110111 1.00
011110 1.00
110100 1.00
000100 1.00
111111 1.00
111111 1.00
100100 1.00
001101 1.00
000100 1.00
000111 1.00
111110 1.00
000111 1.00
110011 1.00
111011 1.00
000000 1.00
111111 1.00
000011 1.00
011100 1.00
001100 1.00
111111 1.00
000100 1.00
000100 1.00
100100 1.00
111111 1.00
111111 1.00
101110 1.00
111111 1.00
000110 1.00
001100 1.00
011111 1.00
000000 1.00
111111 1.00
010100 1.00
111111 1.00
000000 1.00
000100 1.00
111111 1.00
000000 1.00
001101 1.00
111111 1.00
010100 1.00
111111 1.00
000110 1.00
111111 1.00
101111 1.00
000100 1.00
111111 1.00
100111 1.00
101000 1.00
001111 1.00
101110 1.00
000000 1.00
000110 1.00
010010 1.00
111111 1.00
010000 1.00
111111 1.00
101100 1.00
100111 1.00
111111 1.00
111111 1.00
000010 1.00
101111 1.00
001100 1.00
000100 1.00
011111 1.00
000100 1.00
011111 1.00
101101 1.00
011010 1.00
000111 1.00
101111 1.00
111100 1.00
011111 1.00
010000 1.00
001101 1.00
110111 1.00
001111 1.00
011111 1.00
101011 1.00
011100 1.00
101111 1.00
010100 1.00
010000 1.00
101111 1.00
111111 1.00
100000 1.00
101111 1.00
111011 1.00
000011 1.00
011100 1.00
001011 1.00
000110 1.00
111111 1.00
001111 1.00
000101 1.00
000100 1.00
001111 1.00
000101 1.00
110011 1.00
111011 1.00
010110 1.00
111110 1.00
101111 1.00
001100 1.00
011000 1.00
111011 1.00
011111 1.00
111111 1.00
000000 1.00
000111 1.00
111111 1.00
100111 1.00
010100 1.00
011011 1.00
100111 1.00
101111 1.00
001101 1.00
100010 1.00
111111 1.00
101111 1.00
001000 1.00
000001 1.00
000000 1.00
000000 1.00
000100 1.00
111111 1.00
001110 1.00
101110 1.00
111111 1.00
011000 1.00
111111 1.00
011110 1.00
111011 1.00
111110 1.00
101010 1.00
111111 1.00
011110 1.00
001111 1.00
001100 1.00
111111 1.00
111100 1.00
101100 1.00
111111 1.00
111101 1.00
000000 1.00
111111 1.00
011000 1.00
111011 1.00
111110 1.00
111001 1.00
010111 1.00
001000 1.00
110111 1.00
001110 1.00
101110 1.00
000100 1.00
101111 1.00
000100 1.00
111111 1.00
011111 1.00
011100 1.00
000111 1.00
000110 1.00
000100 1.00
000000 1.00
000000 1.00
011011 1.00
111111 1.00
000100 1.00
000010 1.00
011101 1.00
101111 1.00
000000 1.00
101111 1.00
000000 1.00
100000 1.00
001101 1.00
011010 1.00
000111 1.00
101111 1.00
101111 1.00
111111 1.00
000000 1.00
010100 1.00
000111 1.00
000000 1.00
110111 1.00
010110 1.00
110110 1.00
111111 1.00
111110 1.00
000111 1.00
101001 1.00
111011 1.00
001000 1.00
000001 1.00
010100 1.00
111111 1.00
000100 1.00
111111 1.00
111111 1.00
101111 1.00
111111 1.00
101111 1.00
111111 1.00
011100 1.00
000100 1.00
111001 1.00
101111 1.00
111111 1.00
000000 1.00
010000 1.00
111111 1.00
111111 1.00
000111 1.00
000111 1.00
011001 1.00
111110 1.00
111110 1.00
111100 1.00
100111 1.00
110111 1.00
000100 1.00
001111 1.00
111100 1.00
111111 1.00
101000 1.00
111111 1.00
111111 1.00
111100 1.00
011001 1.00
110101 1.00
101111 1.00
011111 1.00
110000 1.00
111101 1.00
111110 1.00
001010 1.00
100111 1.00
010000 1.00
110101 1.00
011000 1.00
111111 1.00
111110 1.00
000111 1.00
101111 1.00
011110 1.00
111111 1.00
101111 1.00
100111 1.00
000010 1.00
011101 1.00
101000 1.00
111011 1.00
111111 1.00
111101 1.00
111000 1.00
001101 1.00
101111 1.00
001000 1.00
000000 1.00
001111 1.00
101111 1.00
101110 1.00
101011 1.00
001011 1.00
101111 1.00
011111 1.00
111111 1.00
011111 1.00
011010 1.00
000111 1.00
010011 1.00
101111 1.00
101010 1.00
000110 1.00
101111 1.00
000010 1.00
111111 1.00
001011 1.00
111111 1.00
001010 1.00
000100 1.00
101111 1.00
101111 1.00
101111 1.00
000001 1.00
011111 1.00
111111 1.00
101111 1.00
111110 1.00
111111 1.00
111001 1.00
111111 1.00
011100 1.00
111111 1.00
111000 1.00
111111 1.00
001100 1.00
111000 1.00
000010 1.00
111111 1.00
010110 1.00
000011 1.00
111110 1.00
000100 1.00
000110 1.00
000111 1.00
001111 1.00
010010 1.00
011111 1.00
100100 1.00
111111 1.00
011000 1.00
111101 1.00
001101 1.00
101010 1.00
111111 1.00
101111 1.00
000110 1.00
101111 1.00
000111 1.00
111111 1.00
000110 1.00
111111 1.00
001111 1.00
000100 1.00
111111 1.00
110111 1.00
000000 1.00
010111 1.00
111111 1.00
010000 1.00
101011 1.00
000000 1.00
111111 1.00
010010 1.00
010100 1.00
000000 1.00
111111 1.00
000110 1.00
111111 1.00
111111 1.00
101111 1.00
111111 1.00
101111 1.00
010000 1.00
001001 1.00
011111 1.00
101111 1.00
111111 1.00
111110 1.00
010111 1.00
101101 1.00
111111 1.00
001011 1.00
111111 1.00
000100 1.00
101101 1.00
101101 1.00
111111 1.00
111110 1.00
111110 1.00
101111 1.00
111111 1.00
011111 1.00
111111 1.00
001111 1.00
001000 1.00
011111 1.00
101000 1.00
111111 1.00
100101 1.00
101100 1.00
010111 1.00
011000 1.00
111111 1.00
011000 1.00
111111 1.00
001011 1.00
101111 1.00
111000 1.00
001100 1.00
111111 1.00
000000 1.00
001010 1.00
001111 1.00
010010 1.00
010100 1.00
001000 1.00
111111 1.00
111111 1.00
111111 1.00
000110 1.00
111111 1.00
111000 1.00
000000 1.00
001011 1.00
001111 1.00
111101 1.00
111110 1.00
111111 1.00
111111 1.00
010010 1.00
010110 1.00
111101 1.00
000100 1.00
101111 1.00
101111 1.00
010110 1.00
001111 1.00
000100 1.00
111111 1.00
110010 1.00
111111 1.00
000000 1.00
000110 1.00
111110 1.00
111111 1.00
000010 1.00
001100 1.00
101111 1.00
101111 1.00
111111 1.00
110100 1.00
000000 1.00
111111 1.00
111111 1.00
111111 1.00
000100 1.00
101110 1.00
001000 1.00
101111 1.00
111111 1.00
000011 1.00
111111 1.00
111000 1.00
000010 1.00
001011 1.00
101111 1.00
000000 1.00
001110 1.00
000111 1.00
101111 1.00
001000 1.00
100111 1.00
000110 1.00
011100 1.00
100110 1.00
111111 1.00
010010 1.00
101111 1.00
000000 1.00
001100 1.00
011111 1.00
001111 1.00
111111 1.00
000110 1.00
010100 1.00
001001 1.00
011100 1.00
100101 1.00
111111 1.00
111111 1.00
001101 1.00
100101 1.00
000000 1.00
111110 1.00
101110 1.00
001111 1.00
010000 1.00
001100 1.00
001000 1.00
011101 1.00
111111 1.00
111111 1.00
101100 1.00
111111 1.00
011111 1.00
000111 1.00
000100 1.00
000001 1.00
111111 1.00
111111 1.00
111111 1.00
111011 1.00
101111 1.00
111100 1.00
001111 1.00
111111 1.00
111111 1.00
010100 1.00
000000 1.00
010110 1.00
111011 1.00
010000 1.00
000000 1.00
111011 1.00
111111 1.00
000110 1.00
100011 1.00
000000 1.00
001100 1.00
000111 1.00
000010 1.00
000100 1.00
000110 1.00
000110 1.00
101100 1.00
011010 1.00
001110 1.00
100111 1.00
011111 1.00
101111 1.00
111011 1.00
100111 1.00
111111 1.00
111111 1.00
000100 1.00
111011 1.00
101100 1.00
101111 1.00
001100 1.00
011100 1.00
111110 1.00
111111 1.00
001000 1.00
000100 1.00
011000 1.00
010110 1.00
011110 1.00
000000 1.00
010101 1.00
101011 1.00
011110 1.00
101110 1.00
111111 1.00
010000 1.00
000000 1.00
001100 1.00
010100 1.00
111110 1.00
111111 1.00
111100 1.00
001110 1.00
111111 1.00
111001 1.00
011111 1.00
001111 1.00
111000 1.00
000011 1.00
111111 1.00
111000 1.00
101011 1.00
011100 1.00
011000 1.00
101111 1.00
100101 1.00
001010 1.00
111111 1.00
111111 1.00
000111 1.00
000111 1.00
100111 1.00
011000 1.00
011101 1.00
101111 1.00
111111 1.00
001110 1.00
111111 1.00
111111 1.00
110111 1.00
111111 1.00
001100 1.00
001000 1.00
111111 1.00
001000 1.00
000100 1.00
101111 1.00
001101 1.00
001111 1.00
111111 1.00
111011 1.00
111111 1.00
011111 1.00
000100 1.00
111111 1.00
110011 1.00
101111 1.00
101111 1.00
111111 1.00
101101 1.00
011010 1.00
111111 1.00
000000 1.00
010000 1.00
000100 1.00
011000 1.00
101111 1.00
111111 1.00
111111 1.00
000111 1.00
100011 1.00
101111 1.00
010100 1.00
011010 1.00
101111 1.00
010100 1.00
011011 1.00
101010 1.00
011100 1.00
001110 1.00
000100 1.00
001011 1.00
011111 1.00
111011 1.00
000101 1.00
111111 1.00
011100 1.00
101011 1.00
111000 1.00
000011 1.00
111101 1.00
001111 1.00
000000 1.00
000111 1.00
101110 1.00
110111 1.00
000101 1.00
110100 1.00
000110 1.00
010111 1.00
110110 1.00
110111 1.00
000000 1.00
000001 1.00
111111 1.00
100111 1.00
111111 1.00
111111 1.00
001011 1.00
000100 1.00
001111 1.00
010111 1.00
000101 1.00
000110 1.00
000100 1.00
011100 1.00
111001 1.00
111011 1.00
011110 1.00
111111 1.00
001111 1.00
000000 1.00
000100 1.00
101111 1.00
111111 1.00
000100 1.00
101111 1.00
111111 1.00
000110 1.00
001101 1.00
111111 1.00
111111 1.00
111111 1.00
001111 1.00
000000 1.00
000000 1.00
111111 1.00
001111 1.00
101011 1.00
111110 1.00
111101 1.00
111111 1.00
011000 1.00
010000 1.00
000000 1.00
111111 1.00
111111 1.00
000000 1.00
101111 1.00
001001 1.00
000111 1.00
010010 1.00
000110 1.00
101100 1.00
101111 1.00
101101 1.00
000110 1.00
101100 1.00
001111 1.00
101011 1.00
001100 1.00
111111 1.00
111100 1.00
001111 1.00
010101 1.00
000000 1.00
010100 1.00
011100 1.00
000110 1.00
111111 1.00
111111 1.00
011100 1.00
011010 1.00
011011 1.00
101111 1.00
101101 1.00
011000 1.00
101101 1.00
011010 1.00
001111 1.00
000000 1.00
111111 1.00
101111 1.00
000000 1.00
101111 1.00
101000 1.00
001111 1.00
010000 1.00
000000 1.00
000110 1.00
110001 1.00
111111 1.00
001111 1.00
111110 1.00
001101 1.00
111011 1.00
101101 1.00
101111 1.00
111111 1.00
101011 1.00
001100 1.00
000000 1.00
110111 1.00
011000 1.00
101110 1.00
111011 1.00
000011 1.00
101111 1.00
101110 1.00
000100 1.00
000110 1.00
101111 1.00
000111 1.00
000000 1.00
110100 1.00
000000 1.00
000000 1.00
111111 1.00
000000 1.00
000011 1.00
111111 1.00
000011 1.00
111111 1.00
011111 1.00
111111 1.00
000100 1.00
111111 1.00
000100 1.00
000000 1.00
000101 1.00
111101 1.00
111000 1.00
111111 1.00
111100 1.00
000101 1.00
111111 1.00
111111 1.00
011010 1.00
001111 1.00
011100 1.00
000100 1.00
010000 1.00
000000 1.00
111011 1.00
101111 1.00
000000 1.00
000100 1.00
101101 1.00
000100 1.00
000000 1.00
111111 1.00
010100 1.00
111110 1.00
111111 1.00
111111 1.00
010000 1.00
000010 1.00
001110 1.00
111111 1.00
101101 1.00
101101 1.00
111111 1.00
111111 1.00
011100 1.00
000100 1.00
110011 1.00
011111 1.00
001001 1.00
010101 1.00
100000 1.00
000100 1.00
111111 1.00
011111 1.00
010111 1.00
001101 1.00
010001 1.00
000110 1.00
000000 1.00
001100 1.00
010000 1.00
000010 1.00
101111 1.00
011111 1.00
011011 1.00
111101 1.00
101010 1.00
000000 1.00
000111 1.00
010101 1.00
111111 1.00
111111 1.00
111111 1.00
000110 1.00
101111 1.00
111111 1.00
111111 1.00
000110 1.00
101101 1.00
101111 1.00
000011 1.00
011011 1.00
010100 1.00
111111 1.00
011000 1.00
111111 1.00
000010 1.00
111111 1.00
001111 1.00
111101 1.00
010000 1.00
000010 1.00
011111 1.00
001111 1.00
111111 1.00
000100 1.00
101111 1.00
101000 1.00
011111 1.00
111111 1.00
101111 1.00
111111 1.00
101111 1.00
001111 1.00
011000 1.00
011100 1.00
010011 1.00
111111 1.00
101000 1.00
101110 1.00
111111 1.00
011100 1.00
101111 1.00
010100 1.00
000010 1.00
101111 1.00
001111 1.00
110100 1.00
111111 1.00
101111 1.00
000000 1.00
111100 1.00
011010 1.00
101111 1.00
101011 1.00
111111 1.00
000110 1.00
110110 1.00
001111 1.00
011100 1.00
111111 1.00
111111 1.00
111111 1.00
001010 1.00
000110 1.00
000000 1.00
000101 1.00
000111 1.00
111111 1.00
111111 1.00
000110 1.00
111011 1.00
000111 1.00
111111 1.00
111011 1.00
000100 1.00
010110 1.00
011111 1.00
101100 1.00
001111 1.00
011111 1.00
000100 1.00
111011 1.00
001011 1.00
000100 1.00
111111 1.00
101111 1.00
010011 1.00
101011 1.00
101010 1.00
111111 1.00
000000 1.00
111101 1.00
111111 1.00
111111 1.00
011011 1.00
111110 1.00
111111 1.00
011111 1.00
000000 1.00
111111 1.00
011100 1.00
000000 1.00
111110 1.00
010111 1.00
011110 1.00
111111 1.00
111100 1.00
010110 1.00
111111 1.00
000010 1.00
111001 1.00
011010 1.00
101111 1.00
111111 1.00
011011 1.00
100010 1.00
111111 1.00
111101 1.00
101111 1.00
111111 1.00
100010 1.00
111111 1.00
010111 1.00
000110 1.00
111011 1.00
111110 1.00
011001 1.00
001010 1.00
000111 1.00
011000 1.00
011101 1.00
111111 1.00
001001 1.00
111111 1.00
111111 1.00
111011 1.00
000110 1.00
111101 1.00
001111 1.00
000100 1.00
000100 1.00
000110 1.00
000000 1.00
111101 1.00
011010 1.00
001111 1.00
000100 1.00
111110 1.00
000000 1.00
111111 1.00
101111 1.00
101111 1.00
001111 1.00
000100 1.00
000011 1.00
011100 1.00
111100 1.00
001100 1.00
111111 1.00
000111 1.00
011110 1.00
010111 1.00
011000 1.00
100000 1.00
111110 1.00
111111 1.00
111111 1.00
001011 1.00
001001 1.00
111111 1.00
010101 1.00
111111 1.00
011101 1.00
010000 1.00
101111 1.00
000011 1.00
000100 1.00
111110 1.00
011011 1.00
111111 1.00
000001 1.00
000111 1.00
000010 1.00
011111 1.00
111111 1.00
000111 1.00
000110 1.00
001011 1.00
111100 1.00
000000 1.00
000110 1.00
000010 1.00
111111 1.00
111111 1.00
111111 1.00
010101 1.00
111111 1.00
000010 1.00
011111 1.00
101111 1.00
000000 1.00
010000 1.00
001100 1.00
000100 1.00
000111 1.00
111111 1.00
000100 1.00
010110 1.00
101010 1.00
010111 1.00
001100 1.00
000000 1.00
111111 1.00
000100 1.00
101111 1.00
101111 1.00
101111 1.00
000000 1.00
101111 1.00
000100 1.00
111111 1.00
000100 1.00
000110 1.00
111101 1.00
011100 1.00
111111 1.00
111111 1.00
110110 1.00
001111 1.00
111111 1.00
011111 1.00
011000 1.00
111111 1.00
101000 1.00
011100 1.00
110000 1.00
001111 1.00
111111 1.00
111111 1.00
111111 1.00
000010 1.00
111111 1.00
001111 1.00
111111 1.00
101101 1.00
001000 1.00
000100 1.00
001000 1.00
000100 1.00
101100 1.00
110000 1.00
111111 1.00
000100 1.00
000000 1.00
111111 1.00
111111 1.00
101010 1.00
001101 1.00
101111 1.00
111111 1.00
111111 1.00
000000 1.00
001010 1.00
101111 1.00
111111 1.00
001111 1.00
101111 1.00
111111 1.00
111111 1.00
111111 1.00
101100 1.00
000000 1.00
000000 1.00
101011 1.00
000100 1.00
101110 1.00
000000 1.00
101111 1.00
111111 1.00
011010 1.00
001100 1.00
001101 1.00
000101 1.00
111011 1.00
101111 1.00
111110 1.00
111111 1.00
011001 1.00
101101 1.00
000100 1.00
110011 1.00
110011 1.00
101011 1.00
000101 1.00
111111 1.00
010111 1.00
101111 1.00
001111 1.00
111110 1.00
111111 1.00
110000 1.00
111111 1.00
001010 1.00
110111 1.00
010110 1.00
000011 1.00
111111 1.00
000000 1.00
011100 1.00
010000 1.00
111111 1.00
000110 1.00
111111 1.00
101111 1.00
101111 1.00
101111 1.00
000111 1.00
111111 1.00
000101 1.00
100001 1.00
001000 1.00
111011 1.00
111111 1.00
011111 1.00
000000 1.00
100001 1.00
111111 1.00
101111 1.00
001011 1.00
000000 1.00
010110 1.00
111111 1.00
111111 1.00
000111 1.00
000111 1.00
001010 1.00
111110 1.00
111111 1.00
001100 1.00
111111 1.00
001001 1.00
011011 1.00
111111 1.00
010010 1.00
101111 1.00
101111 1.00
011111 1.00
000000 1.00
010100 1.00
011111 1.00
111111 1.00
111111 1.00
100010 1.00
111111 1.00
000111 1.00
101100 1.00
000110 1.00
010100 1.00
101111 1.00
010101 1.00
101101 1.00
111111 1.00
111111 1.00
111011 1.00
111000 1.00
111111 1.00
001110 1.00
001101 1.00
001010 1.00
111100 1.00
111111 1.00
111001 1.00
111101 1.00
110111 1.00
111111 1.00
011111 1.00
111110 1.00
000100 1.00
111111 1.00
000010 1.00
010011 1.00
010111 1.00
111111 1.00
111000 1.00
111111 1.00
000100 1.00
000011 1.00
111111 1.00
001000 1.00
000000 1.00
000110 1.00
011110 1.00
000011 1.00
111111 1.00
011110 1.00
011111 1.00
000000 1.00
101111 1.00
000000 1.00
001111 1.00
111111 1.00
001111 1.00
101111 1.00
001111 1.00
110011 1.00
111111 1.00
001000 1.00
101111 1.00
111111 1.00
011110 1.00
110000 1.00
001100 1.00
111111 1.00
111111 1.00
000000 1.00
111111 1.00
011011 1.00
000110 1.00
001100 1.00
101011 1.00
010111 1.00
000100 1.00
011010 1.00
111111 1.00
101011 1.00
000000 1.00
111111 1.00
000000 1.00
010101 1.00
111111 1.00
011110 1.00
000000 1.00
000111 1.00
011000 1.00
110111 1.00
011101 1.00
001101 1.00
000000 1.00
111111 1.00
111111 1.00
110011 1.00
000011 1.00
111111 1.00
011000 1.00
111111 1.00
011111 1.00
000110 1.00
000101 1.00
101011 1.00
101111 1.00
001000 1.00
000100 1.00
111111 1.00
101111 1.00
001111 1.00
111111 1.00
001001 1.00
111111 1.00
101111 1.00
000000 1.00
111111 1.00
000110 1.00
010000 1.00
011111 1.00
111111 1.00
111111 1.00
000100 1.00
001111 1.00
111000 1.00
101111 1.00
111111 1.00
000110 1.00
111111 1.00
101111 1.00
111110 1.00
101011 1.00
011010 1.00
001111 1.00
000000 1.00
010100 1.00
110100 1.00
011111 1.00
111110 1.00
001111 1.00
000000 1.00
111000 1.00
000100 1.00
000110 1.00
111111 1.00
010111 1.00
111111 1.00
111000 1.00
001100 1.00
111111 1.00
101111 1.00
101101 1.00
111111 1.00
111100 1.00
000000 1.00
101111 1.00
111111 1.00
000010 1.00
111100 1.00
111111 1.00
111101 1.00
000111 1.00
011111 1.00
000110 1.00
101101 1.00
101111 1.00
011111 1.00
000000 1.00
101001 1.00
000101 1.00
001100 1.00
111101 1.00
110100 1.00
111111 1.00
111111 1.00
100000 1.00
111111 1.00
010111 1.00
111110 1.00
001100 1.00
010100 1.00
000111 1.00
111000 1.00
111110 1.00
111111 1.00
011111 1.00
000111 1.00
111111 1.00
101111 1.00
110111 1.00
111111 1.00
010011 1.00
000101 1.00
111111 1.00
111111 1.00
001100 1.00
000100 1.00
111111 1.00
111111 1.00
000111 1.00
111111 1.00
101111 1.00
111111 1.00
001101 1.00
111111 1.00
111111 1.00
011101 1.00
001000 1.00
111111 1.00
000100 1.00
001100 1.00
101111 1.00
011011 1.00
001111 1.00
000110 1.00
000000 1.00
000101 1.00
110010 1.00
000111 1.00
101000 1.00
001101 1.00
011000 1.00
111111 1.00
011110 1.00
000100 1.00
100110 1.00
101110 1.00
011111 1.00
000001 1.00
000111 1.00
111111 1.00
110010 1.00
011111 1.00
010111 1.00
001000 1.00
000011 1.00
101110 1.00
111111 1.00
111110 1.00
111111 1.00
101111 1.00
111111 1.00
010010 1.00
111111 1.00
111111 1.00
101001 1.00
011000 1.00
000110 1.00
000111 1.00
000010 1.00
111111 1.00
000010 1.00
000111 1.00
000110 1.00
110100 1.00
101100 1.00
010101 1.00
010111 1.00
000000 1.00
101010 1.00
011111 1.00
000111 1.00
000010 1.00
011110 1.00
000100 1.00
001101 1.00
111111 1.00
000001 1.00
000100 1.00
101010 1.00
000101 1.00
011000 1.00
000111 1.00
011110 1.00
111111 1.00
101111 1.00
000100 1.00
111111 1.00
101111 1.00
111111 1.00
100111 1.00
001110 1.00
001110 1.00
101111 1.00
111100 1.00
111111 1.00
010100 1.00
010111 1.00
000110 1.00
001110 1.00
111001 1.00
011110 1.00
001100 1.00
111101 1.00
111111 1.00
001000 1.00
000111 1.00
111111 1.00
111111 1.00
110111 1.00
111101 1.00
111111 1.00
011000 1.00
000110 1.00
001111 1.00
111000 1.00
111111 1.00
111101 1.00
111111 1.00
000100 1.00
001100 1.00
111111 1.00
011111 1.00
101111 1.00
111100 1.00
010010 1.00
000010 1.00
101111 1.00
000000 1.00
111100 1.00
101111 1.00
000000 1.00
111111 1.00
111111 1.00
101010 1.00
000110 1.00
011000 1.00
111111 1.00
111111 1.00
001001 1.00
000110 1.00
111111 1.00
001111 1.00
111110 1.00
111111 1.00
010101 1.00
001100 1.00
101111 1.00
000100 1.00
111111 1.00
011111 1.00
101111 1.00
110111 1.00
111111 1.00
101111 1.00
111111 1.00
111111 1.00
000011 1.00
000111 1.00
010100 1.00
111001 1.00
010000 1.00
111111 1.00
111111 1.00
001100 1.00
110010 1.00
111111 1.00
011000 1.00
110011 1.00
111100 1.00
010100 1.00
111111 1.00
111111 1.00
000000 1.00
001110 1.00
001000 1.00
111111 1.00
001110 1.00
011110 1.00
000100 1.00
000111 1.00
000000 1.00
010000 1.00
111111 1.00
100100 1.00
010110 1.00
000000 1.00
111011 1.00
101111 1.00
101010 1.00
111000 1.00
001100 1.00
011100 1.00
001100 1.00
101111 1.00
111010 1.00
000000 1.00
001111 1.00
101111 1.00
111111 1.00
100111 1.00
111101 1.00
000010 1.00
111111 1.00
000111 1.00
111111 1.00
000010 1.00
000011 1.00
011100 1.00
101111 1.00
101101 1.00
110110 1.00
010010 1.00
100101 1.00
011000 1.00
101000 1.00
010011 1.00
101100 1.00
010000 1.00
000000 1.00
000010 1.00
101011 1.00
111010 1.00
000000 1.00
000010 1.00
011000 1.00
111111 1.00
001110 1.00
101111 1.00
001010 1.00
111011 1.00
000100 1.00
111111 1.00
111111 1.00
000111 1.00
111111 1.00
010110 1.00
101111 1.00
111111 1.00
111111 1.00
000010 1.00
111111 1.00
001111 1.00
010111 1.00
000000 1.00
000100 1.00
111111 1.00
001100 1.00
011111 1.00
000111 1.00
111111 1.00
111111 1.00
001011 1.00
111111 1.00
111111 1.00
000111 1.00
010000 1.00
111111 1.00
111111 1.00
111111 1.00
010100 1.00
100111 1.00
101111 1.00
001001 1.00
101011 1.00
001011 1.00
011110 1.00
111111 1.00
111111 1.00
011111 1.00
000010 1.00
101111 1.00
111101 1.00
111111 1.00
011111 1.00
101110 1.00
111111 1.00
100111 1.00
001100 1.00
000000 1.00
101111 1.00
000010 1.00
000010 1.00
111111 1.00
011100 1.00
011001 1.00
001101 1.00
101100 1.00
111011 1.00
111111 1.00
111111 1.00
100111 1.00
011111 1.00
011100 1.00
010111 1.00
101001 1.00
111011 1.00
101111 1.00
111011 1.00
101111 1.00
010000 1.00
101111 1.00
111100 1.00
000111 1.00
111111 1.00
111111 1.00
011101 1.00
000111 1.00
111001 1.00
111111 1.00
011110 1.00
111111 1.00
111011 1.00
010100 1.00
101111 1.00
000000 1.00
101111 1.00
101010 1.00
111111 1.00
010001 1.00
101111 1.00
111111 1.00
111111 1.00
100000 1.00
000111 1.00
001100 1.00
111111 1.00
001001 1.00
000100 1.00
100111 1.00
111111 1.00
111011 1.00
101100 1.00
010100 1.00
111101 1.00
101111 1.00
100010 1.00
000000 1.00
001111 1.00
011111 1.00
111000 1.00
111111 1.00
000101 1.00
000101 1.00
111111 1.00
011000 1.00
010000 1.00
101111 1.00
111111 1.00
100101 1.00
000100 1.00
111100 1.00
000010 1.00
000110 1.00
000101 1.00
111111 1.00
110110 1.00
101111 1.00
101111 1.00
100100 1.00
101111 1.00
001100 1.00
101111 1.00
111100 1.00
110010 1.00
000101 1.00
101111 1.00
111111 1.00
010111 1.00
111111 1.00
000100 1.00
101101 1.00
011110 1.00
010000 1.00
101111 1.00
100100 1.00
001111 1.00
111111 1.00
111111 1.00
010000 1.00
111111 1.00
000110 1.00
111111 1.00
011101 1.00
001100 1.00
100110 1.00
100111 1.00
000001 1.00
001110 1.00
101101 1.00
000000 1.00
000100 1.00
011000 1.00
000111 1.00
000111 1.00
111000 1.00
101011 1.00
111111 1.00
000000 1.00
111111 1.00
111111 1.00
011000 1.00
111111 1.00
001110 1.00
000000 1.00
000111 1.00
111111 1.00
011110 1.00
000010 1.00
111110 1.00
111111 1.00
000000 1.00
000010 1.00
111111 1.00
010001 1.00
001111 1.00
111100 1.00
001100 1.00
011000 1.00
111111 1.00
011111 1.00
111101 1.00
111101 1.00
011111 1.00
000100 1.00
111111 1.00
111111 1.00
011111 1.00
110111 1.00
001000 1.00
111111 1.00
010000 1.00
010000 1.00
101001 1.00
011010 1.00
111101 1.00
100000 1.00
011100 1.00
101111 1.00
011100 1.00
101111 1.00
111111 1.00
111111 1.00
011110 1.00
011110 1.00
001101 1.00
101111 1.00
011100 1.00
011111 1.00
101111 1.00
101100 1.00
000011 1.00
111111 1.00
111100 1.00
001011 1.00
010110 1.00
111111 1.00
000110 1.00
101111 1.00
111111 1.00
111100 1.00
111111 1.00
000000 1.00
111111 1.00
001100 1.00
101100 1.00
000010 1.00
011111 1.00
010100 1.00
111111 1.00
101111 1.00
000110 1.00
111111 1.00
001000 1.00
111111 1.00
111111 1.00
001110 1.00
001111 1.00
000000 1.00
111000 1.00
111111 1.00
101011 1.00
111111 1.00
000111 1.00
111110 1.00
111111 1.00
100000 1.00
000111 1.00
111111 1.00
110100 1.00
111111 1.00
011111 1.00
111111 1.00
000110 1.00
001111 1.00
101101 1.00
011100 1.00
010010 1.00
011000 1.00
011111 1.00
011000 1.00
111111 1.00
101111 1.00
011000 1.00
111111 1.00
110000 1.00
111111 1.00
010111 1.00
111111 1.00
001111 1.00
111010 1.00
111111 1.00
101111 1.00
000000 1.00
000000 1.00
111111 1.00
100111 1.00
000000 1.00
101111 1.00
111111 1.00
111111 1.00
101111 1.00
101111 1.00
000110 1.00
011011 1.00
010010 1.00
111111 1.00
011010 1.00
001011 1.00
111111 1.00
111111 1.00
010100 1.00
000010 1.00
010100 1.00
011010 1.00
000000 1.00
100111 1.00
111111 1.00
000111 1.00
111011 1.00
111101 1.00
000001 1.00
111101 1.00
000010 1.00
001111 1.00
000101 1.00
101111 1.00
001110 1.00
111111 1.00
101011 1.00
001100 1.00
000100 1.00
011000 1.00
001011 1.00
111111 1.00
000010 1.00
000111 1.00
111111 1.00
000111 1.00
000110 1.00
111111 1.00
001110 1.00
001010 1.00
101111 1.00
011100 1.00
111111 1.00
101111 1.00
001111 1.00
111111 1.00
000000 1.00
000000 1.00
011110 1.00
101111 1.00
101101 1.00
000001 1.00
111111 1.00
011111 1.00
111001 1.00
111111 1.00
000010 1.00
101111 1.00
011110 1.00
110100 1.00
000110 1.00
000100 1.00
100110 1.00
111111 1.00
100010 1.00
111010 1.00
001101 1.00
011111 1.00
000110 1.00
111100 1.00
000101 1.00
000100 1.00
100011 1.00
101101 1.00
010100 1.00
100000 1.00
001100 1.00
001110 1.00
000100 1.00
001011 1.00
000111 1.00
101111 1.00
111111 1.00
101111 1.00
000001 1.00
101111 1.00
111111 1.00
111000 1.00
111110 1.00
111010 1.00
010010 1.00
011110 1.00
010000 1.00
111111 1.00
000110 1.00
111000 1.00
101111 1.00
001111 1.00
101111 1.00
111111 1.00
111110 1.00
000000 1.00
000100 1.00
000000 1.00
000010 1.00
001111 1.00
111000 1.00
111111 1.00
111111 1.00
111111 1.00
101111 1.00
000100 1.00
111111 1.00
101111 1.00
101110 1.00
010000 1.00
000111 1.00
000111 1.00
011010 1.00
011111 1.00
101111 1.00
000101 1.00
011101 1.00
000110 1.00
111111 1.00
111111 1.00
111001 1.00
011001 1.00
000111 1.00
000000 1.00
111111 1.00
111111 1.00
010111 1.00
101111 1.00
000000 1.00
010101 1.00
100110 1.00
101111 1.00
000111 1.00
111111 1.00
011100 1.00
111001 1.00
001000 1.00
101011 1.00
111111 1.00
101100 1.00
110011 1.00
111110 1.00
101111 1.00
111111 1.00
000000 1.00
101111 1.00
001011 1.00
000100 1.00
111000 1.00
101111 1.00
101111 1.00
111111 1.00
111111 1.00
100101 1.00
001101 1.00
101000 1.00
111110 1.00
111111 1.00
111000 1.00
000110 1.00
011101 1.00
011010 1.00
110010 1.00
011010 1.00
010110 1.00
000000 1.00
110000 1.00
111111 1.00
000011 1.00
001001 1.00
000000 1.00
101000 1.00
000000 1.00
001100 1.00
111100 1.00
000001 1.00
111111 1.00
001111 1.00
101111 1.00
111100 1.00
111111 1.00
000100 1.00
010101 1.00
101111 1.00
000010 1.00
011111 1.00
001110 1.00
111100 1.00
010000 1.00
001111 1.00
101100 1.00
101111 1.00
111111 1.00
111101 1.00
010101 1.00
001110 1.00
111111 1.00
010000 1.00
000100 1.00
000110 1.00
000000 1.00
011111 1.00
000110 1.00
001001 1.00
111111 1.00
111111 1.00
111001 1.00
010100 1.00
100110 1.00
101111 1.00
111111 1.00
111011 1.00
001111 1.00
111001 1.00
011111 1.00
011100 1.00
000100 1.00
000000 1.00
000010 1.00
000110 1.00
000100 1.00
000000 1.00
101111 1.00
010100 1.00
011000 1.00
111111 1.00
101110 1.00
101101 1.00
111111 1.00
111111 1.00
111111 1.00
101111 1.00
111111 1.00
110101 1.00
111011 1.00
111111 1.00
111111 1.00
011000 1.00
001011 1.00
111010 1.00
111110 1.00
000100 1.00
001111 1.00
010000 1.00
001011 1.00
101101 1.00
100111 1.00
001101 1.00
111111 1.00
111111 1.00
111111 1.00
111111 1.00
001110 1.00
111100 1.00
000010 1.00
111111 1.00
111011 1.00
111101 1.00
000100 1.00
010110 1.00
010100 1.00
101011 1.00
000100 1.00
101111 1.00
000000 1.00
111111 1.00
111111 1.00
101100 1.00
111101 1.00
001100 1.00
000010 1.00
110100 1.00
111111 1.00
000111 1.00
011011 1.00
101001 1.00
111111 1.00
111111 1.00
010000 1.00
011011 1.00
111111 1.00
101111 1.00
111111 1.00
001111 1.00
001111 1.00
111111 1.00
001110 1.00
111111 1.00
010111 1.00
111111 1.00
000101 1.00
111111 1.00
001101 1.00
101000 1.00
001100 1.00
111111 1.00
000111 1.00
000111 1.00
000100 1.00
101111 1.00
111111 1.00
101111 1.00
001111 1.00
111111 1.00
111111 1.00
010000 1.00
010000 1.00
001010 1.00
100010 1.00
101111 1.00
011111 1.00
001100 1.00
011100 1.00
000111 1.00
101101 1.00
011100 1.00
101111 1.00
000011 1.00
011111 1.00
111110 1.00
001000 1.00
110110 1.00
101111 1.00
101111 1.00
000110 1.00
111000 1.00
111111 1.00
011000 1.00
111111 1.00
111111 1.00
111110 1.00
111111 1.00
111001 1.00
111100 1.00
011100 1.00
111111 1.00
111111 1.00
000011 1.00
111011 1.00
100110 1.00
111101 1.00
011111 1.00
111111 1.00
000000 1.00
110000 1.00
101011 1.00
011111 1.00
111011 1.00
101100 1.00
111111 1.00
101011 1.00
001101 1.00
010111 1.00
001000 1.00
001011 1.00
101011 1.00
000011 1.00
011111 1.00
111011 1.00
111111 1.00
111111 1.00
011110 1.00
001100 1.00
011000 1.00
000010 1.00
011010 1.00
111111 1.00
000000 1.00
111111 1.00
111111 1.00
011110 1.00
010111 1.00
110011 1.00
000100 1.00
010000 1.00
011111 1.00
111101 1.00
001011 1.00
011011 1.00
001111 1.00
000101 1.00
111101 1.00
101100 1.00
100110 1.00
101100 1.00
000111 1.00
001100 1.00
111111 1.00
100111 1.00
101100 1.00
000110 1.00
111100 1.00
011100 1.00
001100 1.00
011011 1.00
010111 1.00
101111 1.00
000000 1.00
010000 1.00
111111 1.00
100001 1.00
011000 1.00
111111 1.00
000100 1.00
101010 1.00
111111 1.00
000011 1.00
111111 1.00
101111 1.00
101111 1.00
011100 1.00
010000 1.00
111101 1.00
101111 1.00
111111 1.00
111101 1.00
001101 1.00
101111 1.00
101101 1.00
000100 1.00
110000 1.00
111111 1.00
111111 1.00
101111 1.00
000100 1.00
000111 1.00
111111 1.00
111111 1.00
000000 1.00
000000 1.00
111111 1.00
100111 1.00
011111 1.00
010000 1.00
000100 1.00
010000 1.00
111111 1.00
111111 1.00
000000 1.00
111101 1.00
000001 1.00
111111 1.00
001000 1.00
000100 1.00
010000 1.00
111010 1.00
001010 1.00
111111 1.00
111100 1.00
010110 1.00
001100 1.00
111111 1.00
001111 1.00
111111 1.00
111111 1.00
001111 1.00
011100 1.00
000111 1.00
001010 1.00
000010 1.00
001001 1.00
111111 1.00
001101 1.00
000000 1.00