2072
17
10000100100100010 1.00
10000010001100010 1.00
10001000001010010 1.00
00101000001100100 1.00
10001000001010010 1.00
01000010010100001 1.00
10001000100100100 1.00
00100010001100001 1.00
10000010001100001 1.00
10000010001100001 1.00
01000010100010001 1.00
00101000100100100 1.00
01001000100100001 1.00
10001001000100010 1.00
10000100001100001 1.00
01000100100001100 1.00
00101000001100001 1.00
01001000100001001 1.00
10001000010001001 1.00
01001000100100001 1.00
10001001000100010 1.00
00100010001100001 1.00
01000010001100010 1.00
10001000001100010 1.00
01001000010100001 1.00
00011000100100100 1.00
10001000001001001 1.00
10001000001100010 1.00
01001000001100010 1.00
01000100001001010 1.00
00101001000100010 1.00
01000010010010100 1.00
10001000001100010 1.00
00010100001001100 1.00
01001000001100001 1.00
10001000010100010 1.00
10001000001100010 1.00
01001000001100001 1.00
10001000001100010 1.00
10000010001100001 1.00
00101000001010010 1.00
10001000001100010 1.00
00101000001100010 1.00
01001000001100010 1.00
10001000001010100 1.00
01000100100010001 1.00
10001000001100010 1.00
10001000001100010 1.00
10001000001100001 1.00
00010100100001001 1.00
10001000001100010 1.00
00100101000100010 1.00
10001000010100001 1.00
10001000001100010 1.00
10001000001100010 1.00
10001000001100010 1.00
10000010010010100 1.00
10000010001100010 1.00
01001000010010100 1.00
10000010010100001 1.00
00100010001100001 1.00
10001001000100010 1.00
00101000001100010 1.00
10001000001010001 1.00
00011000001010001 1.00
01000010010010100 1.00
10001000001100001 1.00
00100010010100010 1.00
10000100010001001 1.00
01000010010001001 1.00
10001000001100010 1.00
01000010100001001 1.00
00011001000100100 1.00
01000100010010100 1.00
00010100001001100 1.00
01000010001001100 1.00
10000010001001100 1.00
10001000010100001 1.00
01000010010100001 1.00
01001000001001100 1.00
10001001000100010 1.00
00100010001001001 1.00
01000100001100010 1.00
01000010001010100 1.00
10001000001100010 1.00
10000010001100001 1.00
10001001000100010 1.00
01000010001001100 1.00
01000100001100001 1.00
10001000001100010 1.00
00010100100001100 1.00
01001000100010010 1.00
10001000001010001 1.00
00100010001001001 1.00
10000101000100010 1.00
10000010001100010 1.00
10001000001100010 1.00
00010101000100010 1.00
10000010001100010 1.00
00100010100100100 1.00
01001000001100010 1.00
01001000001001100 1.00
01000010001100100 1.00
00100100001100010 1.00
10001000001100010 1.00
01000010001001001 1.00
10001000001100010 1.00
00011000001100001 1.00
10001000001100001 1.00
10001000001100010 1.00
01001001000001001 1.00
01001000001001001 1.00
01001000100100001 1.00
00010010001010100 1.00
00101000001001010 1.00
10001000001100001 1.00
01001000100100010 1.00
10001000001100010 1.00
01001001000100001 1.00
10001000001001001 1.00
10001000001100010 1.00
01000010100100001 1.00
00101000001010010 1.00
10000010100100010 1.00
10001000100100010 1.00
10000010001100010 1.00
01000010010001100 1.00
10001000010100010 1.00
10000010100100001 1.00
10001000001100010 1.00
01000010001100001 1.00
01000100100001100 1.00
00100010001100001 1.00
00010100001100001 1.00
10001000010100010 1.00
10001000001100010 1.00
01000010010100001 1.00
01000100100001001 1.00
00101000001100010 1.00
00011000001100010 1.00
10001000001100001 1.00
10001000010100001 1.00
10001000100100010 1.00
00101001000100010 1.00
00100010001001100 1.00
00100010010100001 1.00
10001000001100001 1.00
00011001000100100 1.00
00101000001100001 1.00
00100010100100001 1.00
01001001000010010 1.00
10000010001100100 1.00
10001000001100010 1.00
10001000001100010 1.00
01001000001100001 1.00
01000010001100100 1.00
10000100010100001 1.00
10001000001100010 1.00
10001000001100010 1.00
01001000100100001 1.00
00100010010001100 1.00
00010100001100010 1.00
01000100100001001 1.00
10001000001100010 1.00
01001000001100100 1.00
10001000001100001 1.00
01001000100001001 1.00
10001000010100010 1.00
00010010010100100 1.00
10001000100001010 1.00
10001000001100001 1.00
00100010001100001 1.00
00101000100010001 1.00
10001000001100001 1.00
10001000001001100 1.00
01001001000001001 1.00
00010100100100001 1.00
10001001000100010 1.00
01001000001100010 1.00
10001000001100001 1.00
10001000010100010 1.00
01000010001100001 1.00
01000010100001100 1.00
10001000001100010 1.00
01001000001100001 1.00
00100010001100010 1.00
01000010100010100 1.00
10001000001100010 1.00
00100010001001100 1.00
10001000001100010 1.00
01001000001100001 1.00
10001000001100001 1.00
01000010001100001 1.00
00011000001100010 1.00
00010010010010100 1.00
01000100001001100 1.00
01001000001100010 1.00
00101000001100010 1.00
00100010001001001 1.00
01000100010001010 1.00
01001000001100100 1.00
00101000010100010 1.00
00010100010010100 1.00
10001000001100010 1.00
01000010010001100 1.00
10000010100010100 1.00
10000010001100010 1.00
00011000001100001 1.00
01001000010100010 1.00
10001000001100010 1.00
00010010001001100 1.00
00101000001010001 1.00
00100010001100010 1.00
00011000001001001 1.00
01001001000100010 1.00
00100100100100001 1.00
10001000001100010 1.00
10000010010100100 1.00
00010010001100010 1.00
10001000010100010 1.00
00010010100010100 1.00
00100011000001001 1.00
00100010010100100 1.00
10001000100100001 1.00
01000100010010100 1.00
10001000001100001 1.00
10001000001100001 1.00
00101000001100001 1.00
10001000001100001 1.00
10001000001100010 1.00
00010100001001100 1.00
10001000001100010 1.00
10001000001100001 1.00
10001000001100010 1.00
00010100001010001 1.00
01000010001001100 1.00
10000010001100010 1.00
10000010100100010 1.00
01000010001100010 1.00
00100100001100010 1.00
00100010001100001 1.00
00101000010100100 1.00
01000011000100001 1.00
00101000001001001 1.00
00011000100100001 1.00
10001000001100001 1.00
01001000001010100 1.00
10001000001010001 1.00
10001000001100010 1.00
00100100001100001 1.00
00101000100100001 1.00
00010100001100010 1.00
10001000001100001 1.00
01000010001100010 1.00
10000010001001001 1.00
10001000001100010 1.00
10001000001100001 1.00
01001000001100001 1.00
01000100010010100 1.00
01000010010100010 1.00
01001000001010001 1.00
10001001000100010 1.00
10001000001100010 1.00
10001000001100010 1.00
10001000001100010 1.00
00010011000100010 1.00
10001000001010001 1.00
10001000001100010 1.00
10001000001100010 1.00
10001001000100010 1.00
00101001000100010 1.00
10001000001100001 1.00
10001000001100010 1.00
01001000100010001 1.00
01000010010100001 1.00
10001000001100010 1.00
10001001000100010 1.00
10001000001100001 1.00
10001000010100001 1.00
10001000001100010 1.00
00011000001100001 1.00
10001000001100010 1.00
01001000001010001 1.00
01000011000100001 1.00
10000100100100001 1.00
10001001000100010 1.00
01001000001100001 1.00
01000010001100010 1.00
10001001000100010 1.00
01000100100100001 1.00
10001001000100010 1.00
00101000100100010 1.00
10001001000100001 1.00
00010010001100001 1.00
01000010010100100 1.00
10001000001010010 1.00
10001000001100010 1.00
01000100100100010 1.00
10000010001100010 1.00
10001001000100010 1.00
10001000001100010 1.00
10001000001001010 1.00
00101000001100010 1.00
10001000001001010 1.00
10001000001100010 1.00
01001000100001010 1.00
10001001000100010 1.00
10000010001010001 1.00
00010010010100010 1.00
10000010010100001 1.00
00010100010100100 1.00
10001000001100010 1.00
00100100100100001 1.00
01000010100100001 1.00
10001000001010001 1.00
00010100001100010 1.00
01000010010100001 1.00
01000100001100010 1.00
10001000001100010 1.00
00011000001100001 1.00
10000100001100001 1.00
10001000001100010 1.00
00101000001010001 1.00
10001000001100010 1.00
01000100100010010 1.00
10001000100001001 1.00
10001001000100010 1.00
10001000001100010 1.00
00100010001100001 1.00
01001000100100010 1.00
00101000001100001 1.00
01000010001100001 1.00
10001000001100010 1.00
01001000001100010 1.00
01000010010100001 1.00
10001000001100010 1.00
10001001000100010 1.00
00010010001010100 1.00
00010100001100100 1.00
10001000001100001 1.00
00100010010100100 1.00
00010100001010100 1.00
00100100001010001 1.00
10001000001100010 1.00
10001000100100100 1.00
00010100001010100 1.00
00100100001010001 1.00
00101000001100010 1.00
10001000001100001 1.00
10001001000100010 1.00
10001000001100010 1.00
01000010001001100 1.00
01001000010001001 1.00
01001000001100001 1.00
00101000001100001 1.00
10000010001010010 1.00
10000010001010001 1.00
01001000001001010 1.00
00101000001100010 1.00
10001000001100010 1.00
01000010010010100 1.00
10001000001010010 1.00
10001001000100010 1.00
10001000010100010 1.00
10000010010010001 1.00
10001001000100001 1.00
10001000001100010 1.00
10001000010100010 1.00
10001000001100010 1.00
00101000001100001 1.00
01000010001001100 1.00
00010100001100010 1.00
10001000010100001 1.00
10001000001100010 1.00
01000010100100010 1.00
00101000010100010 1.00
01000010001001100 1.00
10001001000100010 1.00
01001000001001001 1.00
00101000001100010 1.00
00010100010100010 1.00
10001000001100010 1.00
01001000100100010 1.00
01001000001100010 1.00
00010010100010010 1.00
00010010010001100 1.00
01001000100100001 1.00
00011000010010010 1.00
10001000001100010 1.00
00100010001001001 1.00
01001000010100010 1.00
10001000001100010 1.00
10001000001100010 1.00
00101000001100010 1.00
01000010100100001 1.00
10001000001100010 1.00
10001000001001001 1.00
01000010010100100 1.00
01001000001100010 1.00
10001000001100010 1.00
10001000001100010 1.00
01001000100100001 1.00
10001000001100010 1.00
01000010100100001 1.00
10000010001100001 1.00
01001000001010001 1.00
00100010010010100 1.00
10001000001100010 1.00
00010100001100001 1.00
10001000100010010 1.00
10000100010100001 1.00
10001001000100010 1.00
10000010001001100 1.00
10001001000100010 1.00
01000010001100001 1.00
01000010100001001 1.00
10001000001001010 1.00
10001000001010010 1.00
01000100010100001 1.00
01000010001010001 1.00
01001001000100010 1.00
10000011000100001 1.00
10001000001100010 1.00
10000010100100010 1.00
00010100001100010 1.00
10001001000100010 1.00
01001000001010001 1.00
01001000001100010 1.00
10000010001100001 1.00
01001000100001001 1.00
00101000001100010 1.00
10001000001100010 1.00
10000100001001010 1.00
10001001000100010 1.00
10001000001001001 1.00
01000010001100010 1.00
00101000001100010 1.00
00010100001001100 1.00
00010010001100001 1.00
00011000001010001 1.00
10000010001100010 1.00
01001000100010001 1.00
01000010001100010 1.00
10000010001010001 1.00
10001001000010010 1.00
01000010001100001 1.00
10001000001100010 1.00
01000010001001100 1.00
10000010001100100 1.00
10001000100010010 1.00
10001000001100010 1.00
01001000001010100 1.00
00010010100001100 1.00
01001000100001010 1.00
10000010001010100 1.00
10000100001100010 1.00
10001001000100010 1.00
00010010001001100 1.00
10000010001100010 1.00
10001000001100010 1.00
10001000001100010 1.00
10001000010100010 1.00
01000100001001100 1.00
00101000001100001 1.00
01001001000100010 1.00
10001001000100010 1.00
10001000001100010 1.00
01001000100010100 1.00
10001000001100010 1.00
00101000001100010 1.00
01001000010100010 1.00
01000100100100001 1.00
10001001000100010 1.00
10001000001100010 1.00
10001000001100010 1.00
10001000100100010 1.00
10001000001100010 1.00
10001000001010010 1.00
01001000001100001 1.00
10001000001100010 1.00
01000100100010001 1.00
01000100001100001 1.00
10001000010001010 1.00
01000010100001100 1.00
01000010001001010 1.00
00101000001100010 1.00
10001000001100010 1.00
00010100001100001 1.00
10000100001100010 1.00
00010010001001001 1.00
01001000001001001 1.00
00100010100100001 1.00
01000010001010100 1.00
00010100010100001 1.00
01000100100100001 1.00
00101000001010100 1.00
01001000100100010 1.00
10001000001100100 1.00
10000100100100010 1.00
01000010001100001 1.00
01001001000100010 1.00
10001000100100010 1.00
01000100100100001 1.00
10001001000100010 1.00
10001000010100010 1.00
10001001000100010 1.00
01000010001100010 1.00
10001000001100010 1.00
01001000100010010 1.00
10001000001010001 1.00
10001000001100010 1.00
01001000010010010 1.00
01000100001010010 1.00
00101000001100001 1.00
10000100001100001 1.00
00101000001100010 1.00
01001000010001001 1.00
00010101000100001 1.00
10001000001100001 1.00
01001000001010001 1.00
10001000010100001 1.00
10001000001100010 1.00
10000010001010100 1.00
01000100100100010 1.00
01000010100001001 1.00
00010010100100100 1.00
10001000001100001 1.00
10001001000100010 1.00
10001000100100001 1.00
01001000001100010 1.00
10001000001100010 1.00
10001000100010001 1.00
01001000010100001 1.00
10001000010001100 1.00
00010100010100010 1.00
10001001000100010 1.00
01000100100010001 1.00
00010010001100010 1.00
01001000001100001 1.00
00101000010001100 1.00
10001000001100010 1.00
00101000100100010 1.00
00100010001010001 1.00
01000100001100010 1.00
10000100001100001 1.00
10001000100010001 1.00
00010100001100010 1.00
00101000001100001 1.00
10001000001100001 1.00
10000010001100010 1.00
10001001000100010 1.00
10001000001100010 1.00
10000010001100010 1.00
00101000001100010 1.00
00010010001100100 1.00
01000010010001100 1.00
10001001000100010 1.00
00010010001010100 1.00
10001000001100010 1.00
01000100001100100 1.00
10001000001100010 1.00
10001000100100001 1.00
10001000001010010 1.00
01001000001100010 1.00
00010100001001100 1.00
10001000001010010 1.00
10001000001100001 1.00
10001001000100010 1.00
10001000001100010 1.00
10001000001010010 1.00
10001000100001010 1.00
10001000001100010 1.00
10000010010001100 1.00
01000010100010100 1.00
01000100001100001 1.00
10000010100100001 1.00
10001000001100001 1.00
00010100100100010 1.00
10001001000100010 1.00
01000010001100100 1.00
00100010100010001 1.00
10000010100100001 1.00
10001000001100010 1.00
10001000010100010 1.00
10001000001001010 1.00
00010010001100001 1.00
00010100100100001 1.00
01001000100100010 1.00
00101000100100001 1.00
10001001000100010 1.00
10000100001100001 1.00
10001000001100010 1.00
10001000001010001 1.00
10001000010100010 1.00
00101000010001100 1.00
00010101000100010 1.00
01001000001100001 1.00
00101000100100010 1.00
00010010001001010 1.00
10001000010100010 1.00
10000010001100010 1.00
00010100001100010 1.00
10001000001100010 1.00
00010100010100001 1.00
00010010001100010 1.00
10000101000100001 1.00
10001000001100001 1.00
00100100100100001 1.00
10001000001100010 1.00
10000010001100010 1.00
10001000001100010 1.00
10000010100010010 1.00
00100011000100010 1.00
00100100001100010 1.00
01000100001100001 1.00
01000010001010010 1.00
01000010001100001 1.00
00100010010001100 1.00
10001000001010010 1.00
01001000001100001 1.00
10001000001100010 1.00
01000100010100100 1.00
00010010001010001 1.00
10001000001100010 1.00
10001000001100010 1.00
01000010010100100 1.00
10001000001100010 1.00
01000100001100001 1.00
00101000001100010 1.00
10001000001100010 1.00
10001001000100010 1.00
01000010001100010 1.00
00010100001001100 1.00
00010100001001100 1.00
10001000001100100 1.00
01000100001100010 1.00
10001000010010010 1.00
10001000001100010 1.00
01000100001100010 1.00
01001000010100001 1.00
01000100010010010 1.00
10001001000100010 1.00
10001000001100010 1.00
00100100100001010 1.00
10001000001100010 1.00
00010100100100010 1.00
00010010001010001 1.00
01000100100100010 1.00
01000100001100001 1.00
01001000010010100 1.00
10001000001100001 1.00
00101000001010001 1.00
01000101000010001 1.00
10001000001100001 1.00
10001001000100010 1.00
00010100100010100 1.00
10001000001100010 1.00
00101000010100001 1.00
01001000001001010 1.00
01000100100100010 1.00
00011000001010001 1.00
00100010010010100 1.00
01000100100100001 1.00
10001000001100010 1.00
10001000100100001 1.00
01001000010100001 1.00
10001000001100010 1.00
10001000001100010 1.00
10001000010001001 1.00
10000010001100001 1.00
00101000001100010 1.00
01000100100010001 1.00
10001000001100001 1.00
10001000001100010 1.00
10001001000100010 1.00
10001001000100010 1.00
00101000001100010 1.00
00100010001001100 1.00
10000010001100010 1.00
00100011000001100 1.00
01000100100100001 1.00
10001001000100010 1.00
10001000001100100 1.00
00101000001100010 1.00
10001000001100010 1.00
10001000100100010 1.00
10001000001100010 1.00
00101000001100010 1.00
10001000010100010 1.00
01000100100100100 1.00
10000010001100010 1.00
10001000100001100 1.00
00011001000010001 1.00
10001000001100010 1.00
10000010001100001 1.00
00101000010100010 1.00
10001000001010001 1.00
00011000010100010 1.00
00100100001100100 1.00
00010100001010010 1.00
01000100010010100 1.00
00100010010010100 1.00
10000100100001100 1.00
00100010010100100 1.00
10000010001100010 1.00
01000010010100001 1.00
10001001000100010 1.00
10001000001100010 1.00
10001000001100010 1.00
10001000100100001 1.00
01000010001010001 1.00
01000100100001100 1.00
01000010001100010 1.00
00101001000001001 1.00
01000010001001010 1.00
00010100001100010 1.00
10001000001100010 1.00
00101000001100001 1.00
00011000001100001 1.00
00101000100100010 1.00
00010100001001100 1.00
00010010100010100 1.00
00010100100001001 1.00
10001000010100010 1.00
10001000001100010 1.00
01000100010001100 1.00
01000010001001001 1.00
00010100010001100 1.00
00010010001010001 1.00
01001000001001001 1.00
10001000001001010 1.00
10001000010100001 1.00
10001001000100010 1.00
00010100001001100 1.00
01001000100100001 1.00
10001000001100001 1.00
10001001000100010 1.00
10001001000100010 1.00
10001000001001010 1.00
10001000010100010 1.00
10001000001100010 1.00
01000010100001001 1.00
00010100001100010 1.00
10000100100100010 1.00
00011000100100001 1.00
01001000100010010 1.00
01000010001010001 1.00
01000010100010010 1.00
00010010001001100 1.00
10001001000100010 1.00
10001000001010010 1.00
01001000001100010 1.00
10001000001010100 1.00
01001000001010010 1.00
01000100100100010 1.00
00100010001010100 1.00
00011000010001100 1.00
01000100100001100 1.00
00101000001001001 1.00
10001000001100001 1.00
10000010001100001 1.00
01000100100001001 1.00
01001000001100001 1.00
01000010001100010 1.00
10001001000100010 1.00
10001000001100100 1.00
00101000001100001 1.00
00100100100001010 1.00
00101000100001010 1.00
10001000001100010 1.00
10001000010100010 1.00
01000010100100100 1.00
01000100100100010 1.00
01001000001100010 1.00
01000010100100010 1.00
10001000001100010 1.00
01001000010010100 1.00
01000100100100010 1.00
00101000001100010 1.00
10001000010010010 1.00
01001000001100010 1.00
01000010010010100 1.00
10001000001100010 1.00
00010100001100010 1.00
10001000001100010 1.00
01000010001010100 1.00
10001001000100010 1.00
10001000001010100 1.00
01001000001100010 1.00
10001000001100010 1.00
10001000001100010 1.00
10001001000100010 1.00
10001000001100001 1.00
01000010010001100 1.00
10000010001010001 1.00
10001000001001010 1.00
10001000001100010 1.00
00101000010100001 1.00
10001000001100010 1.00
00100100001001100 1.00
01001000100100010 1.00
10001000010100001 1.00
10001000001100010 1.00
01001000001100010 1.00
10000100001100001 1.00
10001000001100001 1.00
00101001000100001 1.00
01000100100001001 1.00
10001000001001100 1.00
01001000010100001 1.00
01000010001100010 1.00
10001000001100001 1.00
00101000001100010 1.00
01000100001001100 1.00
10000010001100001 1.00
01001000010100010 1.00
01000010001100010 1.00
00100010100100100 1.00
10001000001100010 1.00
10001000001100010 1.00
01001000001100001 1.00
01000010010010001 1.00
01000100010100001 1.00
00010010010010100 1.00
00100010001010010 1.00
10001001000100010 1.00
01000100001100001 1.00
01001000001100010 1.00
00100010001100001 1.00
10001000001100010 1.00
10001000001100010 1.00
01000010100010100 1.00
01000100100100100 1.00
00100010010100010 1.00
10001000100010100 1.00
00101000001100010 1.00
01000010001001100 1.00
10001000010100001 1.00
01001000010100001 1.00
00100100001010100 1.00
10001001000100010 1.00
10001000001100010 1.00
01000100010001010 1.00
10000100001100001 1.00
00011000010100010 1.00
10001001000100010 1.00
01000100001100001 1.00
01000010001100010 1.00
00101000001100010 1.00
10001000100001001 1.00
10001001000100010 1.00
10001000001100010 1.00
01001000001100010 1.00
01000010001010001 1.00
10001000010100010 1.00
01000100100010010 1.00
01001000001100010 1.00
00100100001100010 1.00
00100010001100100 1.00
10001000001100010 1.00
10001001000001100 1.00
00100010001100100 1.00
10001000010100010 1.00
01001000010100100 1.00
01000010001100001 1.00
00100010100100100 1.00
00101000001100010 1.00
10001000001100010 1.00
01000100001100010 1.00
10000010100100100 1.00
10001000001001010 1.00
10001000001100010 1.00
10001000001100010 1.00
00100100010001010 1.00
10001000001010010 1.00
00101001000100010 1.00
01000100001100001 1.00
10001000100100010 1.00
10001000001010001 1.00
01000010001100100 1.00
01000010100100010 1.00
01000010001100010 1.00
10001000001100010 1.00
01000100010001001 1.00
10001000010100010 1.00
01000100100100010 1.00
00101000001100010 1.00
10001000001100001 1.00
01000010010010100 1.00
10001000001100010 1.00
01001000001100010 1.00
00100100100010001 1.00
00100010001001100 1.00
10000100100100001 1.00
01000010100001100 1.00
10001001000100010 1.00
00011000010100010 1.00
01001000001100010 1.00
10001000001100001 1.00
00101000001100100 1.00
10001000001100010 1.00
10001001000100010 1.00
10001001000100010 1.00
10001000001100010 1.00
00010100100001100 1.00
00010100010001010 1.00
01001000010100100 1.00
01001000001010001 1.00
01001000001010001 1.00
10001000010100010 1.00
00010011000100001 1.00
01000010001100100 1.00
10001000001100010 1.00
10000010001010001 1.00
00101000001100010 1.00
10001001000100010 1.00
10001001000100010 1.00
00100010100100010 1.00
10000100100100001 1.00
10001001000100010 1.00
01000010001100010 1.00
01001000001100010 1.00
00100100100100001 1.00
00010100001010001 1.00
00100010010001001 1.00
10000010001100001 1.00
10001000100100010 1.00
10001000001010010 1.00
01000010001010010 1.00
01000100100100001 1.00
00101000001100010 1.00
10001000001100010 1.00
01000010100100100 1.00
01000010001100010 1.00
01000100001100001 1.00
01000010001010010 1.00
01000010001100010 1.00
00100010100100001 1.00
10001000001100010 1.00
10000010001100010 1.00
01000100001100010 1.00
01001000001100010 1.00
01000010010001100 1.00
01000010001100001 1.00
10001000001100010 1.00
00011000001010001 1.00
00100010001010100 1.00
00101000001100010 1.00
01000100001100001 1.00
01000100100100010 1.00
10001001000100001 1.00
00010100010100001 1.00
01000010001100010 1.00
10001000001001001 1.00
10001001000010100 1.00
01001000100001100 1.00
01000100100001100 1.00
00011000100100001 1.00
10001000010100001 1.00
10001001000100010 1.00
10001000001100100 1.00
10001000001100010 1.00
01000010001100001 1.00
10001000001010001 1.00
00010010100100001 1.00
10001001000100010 1.00
10001000001100010 1.00
10000010001100010 1.00
01000100001100010 1.00
10001000001100010 1.00
10001000001100010 1.00
00100010001001010 1.00
00100010010100100 1.00
00101000001100001 1.00
10000100010010100 1.00
10000011000100010 1.00
10001000001100010 1.00
00101000001100010 1.00
10001001000100010 1.00
01000010010100001 1.00
10001000001100010 1.00
00100100001100010 1.00
10001000001100010 1.00
01000100001010100 1.00
01000010001010001 1.00
01000100100001100 1.00
10001000001100001 1.00
10000010100100100 1.00
10001000001100010 1.00
01001000001100001 1.00
01000010001100010 1.00
10001000001100010 1.00
10001001000100010 1.00
10001000100001010 1.00
10001000001010001 1.00
10001000001001010 1.00
10001001000100010 1.00
10001001000100010 1.00
00100010010010010 1.00
01001000010100100 1.00
00101001000100010 1.00
10001001000100010 1.00
10000100001100001 1.00
10001000001100010 1.00
00101000010100010 1.00
10001001000100100 1.00
10001001000100010 1.00
00010010010001010 1.00
01001000100100010 1.00
00010010001100001 1.00
10001000001100010 1.00
01000010001001100 1.00
10001001000100001 1.00
10001000001100001 1.00
10001000001100010 1.00
01001000100100001 1.00
01000010001010100 1.00
01001000001001010 1.00
01000100010010001 1.00
10001000100100010 1.00
10001001000100010 1.00
00101000001100001 1.00
10001001000100010 1.00
01000010001001100 1.00
10000010001100010 1.00
10001001000100010 1.00
10001000001100010 1.00
01001000010100010 1.00
00100100100001100 1.00
00101001000010010 1.00
00010010010100010 1.00
01001000001100010 1.00
10001000001100010 1.00
10001000010100010 1.00
10001000001100010 1.00
00100010001010100 1.00
10001000001100001 1.00
10000010001100010 1.00
01001000100100001 1.00
10001000001100010 1.00
00100010001010100 1.00
10000010010010100 1.00
01000100100010100 1.00
10001000001100010 1.00
01000100001100001 1.00
10001000001100010 1.00
10001000001100010 1.00
10000010001100001 1.00
00010010001010001 1.00
10001000001100010 1.00
01000010001100010 1.00
00010010001010010 1.00
10001000001010001 1.00
10001000001100010 1.00
10001000001100010 1.00
00101001000100010 1.00
10000010100001001 1.00
10000010001100001 1.00
10001000001100010 1.00
01001000001001010 1.00
01000100100010100 1.00
10001000010100001 1.00
10001000001100010 1.00
10001000001100010 1.00
10000010001100010 1.00
00101000001100010 1.00
10001000100100010 1.00
10001001000010001 1.00
10001000010100010 1.00
00011000001010010 1.00
10000100100010001 1.00
10001000010100001 1.00
10001001000100010 1.00
10001000010100010 1.00
00101000001100010 1.00
00010100100001100 1.00
01000010010001100 1.00
00011000001100010 1.00
10001000001100010 1.00
10001001000100010 1.00
10000010001001001 1.00
10001000001100010 1.00
01000010001100001 1.00
10001001000001010 1.00
01000010001010001 1.00
01000100001100001 1.00
10001000001100010 1.00
00100010010100100 1.00
10001001000100010 1.00
00101000010100001 1.00
10001000100100010 1.00
10001000001100001 1.00
00101000010100010 1.00
10001000001001010 1.00
00010100001100001 1.00
00101000001100010 1.00
01001000001001001 1.00
00101000001100010 1.00
10001000001100001 1.00
01000100001100001 1.00
10001000100100001 1.00
00010010100010100 1.00
00010100010100010 1.00
10001000010100001 1.00
10000010001100001 1.00
10001000001100010 1.00
10001000001100010 1.00
00010010001010001 1.00
00100010100100010 1.00
10001000001100010 1.00
01001000100100010 1.00
10001000100100001 1.00
10000100001100001 1.00
10001000001100001 1.00
00100100001010001 1.00
10001000001100010 1.00
00100010001100010 1.00
00101000001100010 1.00
10001000001100010 1.00
10001000001100001 1.00
10000010001100010 1.00
01001001000100010 1.00
10001001000100010 1.00
00100010001100010 1.00
10001000001100010 1.00
00101000100100100 1.00
00100010010010100 1.00
10001001000100010 1.00
01001000001100001 1.00
10000010010100100 1.00
00100010001001001 1.00
10001000001100010 1.00
01000100001100001 1.00
10001000001100010 1.00
00101000010100010 1.00
01000100001100001 1.00
10001000001100010 1.00
00100010010100001 1.00
01000010010100100 1.00
10001000001100010 1.00
10000100100100010 1.00
01000100100001100 1.00
00010100100001100 1.00
00010101000100100 1.00
10001000001100010 1.00
10000010010100010 1.00
10001000001001001 1.00
00010100001100001 1.00
00011000010001010 1.00
00010100001100010 1.00
10001000010010010 1.00
00010010010100100 1.00
10001001000100010 1.00
10000010001100010 1.00
10001000001100010 1.00
10001001000100001 1.00
10001000010010001 1.00
00011000100100010 1.00
00010100001100001 1.00
00101000001010010 1.00
10000010001100100 1.00
01000010010010100 1.00
10001001000100010 1.00
10000010001100010 1.00
10001000010100010 1.00
00011000100010001 1.00
10001000001100010 1.00
10001000001100010 1.00
10001000001100001 1.00
01000100001100001 1.00
00100010001010100 1.00
01000100001100010 1.00
10001000001100001 1.00
10001000001100010 1.00
00011000001100010 1.00
10001000100100001 1.00
10001001000100010 1.00
00011000001100001 1.00
10000100010100100 1.00
10001000001100010 1.00
10001000001100010 1.00
10001000001100010 1.00
10001000010100010 1.00
01000100100010001 1.00
00010100001010001 1.00
00011000001100010 1.00
10001000010001001 1.00
00101000001100010 1.00
00010100010001100 1.00
01000100100001001 1.00
01000010001010010 1.00
00010010100100001 1.00
00101000001010010 1.00
00100100001100010 1.00
10001000001100010 1.00
00101000100001001 1.00
01001000010010001 1.00
10001000001100001 1.00
00101000001100010 1.00
10001000001100001 1.00
10001000001100010 1.00
10001000001100010 1.00
01000010001001001 1.00
10001000001001010 1.00
01000100010100010 1.00
10001000100100001 1.00
10000010001100010 1.00
00010100100010001 1.00
00100101000100010 1.00
10001000010100010 1.00
10001000001100001 1.00
10001000001100010 1.00
00101000001010100 1.00
01001000001100001 1.00
00010100100001001 1.00
01001000010100001 1.00
10001000001100001 1.00
10001000001100001 1.00
10001001000010001 1.00
01001000001100010 1.00
10000100100100001 1.00
10000010001100100 1.00
00101000100010010 1.00
01000010001010001 1.00
10001000001001100 1.00
10001000001010001 1.00
00101000010100100 1.00
01001000100100010 1.00
00010100001100100 1.00
10001000001100010 1.00
10001000001100010 1.00
10000010010010010 1.00
10001000001100010 1.00
10000100010100001 1.00
00010100001100010 1.00
10001000001100010 1.00
10001001000001010 1.00
00011000001100100 1.00
00010100100010100 1.00
10001001000100010 1.00
01000010001100001 1.00
10001000001100010 1.00
10001000010010010 1.00
01001000001100001 1.00
00100010001100010 1.00
01001000001100010 1.00
01000010001010100 1.00
10001001000100010 1.00
01000010001100010 1.00
01001000001100100 1.00
10001000010100010 1.00
01000010100100001 1.00
01000100010100010 1.00
01000100001001100 1.00
01000010001100010 1.00
10000010001100001 1.00
00010010001100010 1.00
01001000100001010 1.00
00101000001010001 1.00
10001000001100010 1.00
10001000100100010 1.00
01000010001100001 1.00
00010100100100001 1.00
01001000001100001 1.00
00100100001100010 1.00
10000100100001001 1.00
00010100001010010 1.00
10001000001100010 1.00
10001001000100010 1.00
00100010001100010 1.00
01000010001001100 1.00
10001000100100001 1.00
10001000001100010 1.00
01000010001100010 1.00
10001001000100010 1.00
10000010001100010 1.00
10001000010100001 1.00
01000010001100001 1.00
10001000001100001 1.00
10001001000100010 1.00
00101000100010100 1.00
01000010100100001 1.00
01000100001100001 1.00
01000010001010001 1.00
01000010010100001 1.00
10001000001100010 1.00
00010100010010100 1.00
01001000001100001 1.00
01000010010100100 1.00
10000010001010001 1.00
10001000001100010 1.00
10000100100001100 1.00
10001000001100100 1.00
01000100100100010 1.00
01000100001100010 1.00
01000010001010100 1.00
01000100010100001 1.00
10001001000100010 1.00
00010100100001001 1.00
01000100100010100 1.00
00101000001100010 1.00
00100100001100010 1.00
10001000001100001 1.00
01000011000100010 1.00
01001001000100001 1.00
10001001000100010 1.00
01000010010001100 1.00
10001000010100001 1.00
10000010001100010 1.00
00010010001100001 1.00
00011001000100010 1.00
10001000100010001 1.00
10001000001010100 1.00
10001000001100010 1.00
00100010001100001 1.00
10000010001010001 1.00
10001000001100010 1.00
10000010001100100 1.00
10001000001010010 1.00
10001000001100010 1.00
00010101000100010 1.00
10001000001100010 1.00
10000100001100010 1.00
10001000001001010 1.00
10001000001100010 1.00
00010100001001001 1.00
01000010100100100 1.00
00100010001010001 1.00
00101000001100010 1.00
10001000001010010 1.00
00101000100100001 1.00
00011000001001010 1.00
10001001000100010 1.00
01001000001100010 1.00
10001000001100010 1.00
10001000010001100 1.00
00100010010010010 1.00
00010100100010010 1.00
01000010001001001 1.00
00010010100001100 1.00
00101000001001001 1.00
10001000001100010 1.00
10001000001100010 1.00
10001000001100010 1.00
10001000010100010 1.00
01000010010100010 1.00
01001000010010100 1.00
10001000001100010 1.00
01000100001100100 1.00
10001000100010001 1.00
10001000010010010 1.00
10001000001100010 1.00
00100010001010100 1.00
00101000001100001 1.00
00010100001010001 1.00
10001000001100010 1.00
00101000010100010 1.00
10001000001100010 1.00
00100010001100010 1.00
10001001000100010 1.00
10001000001100001 1.00
10001001000100010 1.00
10001000001100001 1.00
00010100001001010 1.00
01000010001001001 1.00
01000010001100010 1.00
10001000010100010 1.00
00100010100001001 1.00
10001000001100010 1.00
10001001000100010 1.00
01000010010010001 1.00
00100010100100001 1.00
10001001000100010 1.00
10001000100010010 1.00
10000010010100010 1.00
10001000010010010 1.00
10001000001100010 1.00
10001000001100001 1.00
00101000010100010 1.00
00100010001001100 1.00
10001000001100010 1.00
00101000001100001 1.00
10001000001100010 1.00
01000010001010100 1.00
00100010001100010 1.00
10000100001010100 1.00
10001000001100001 1.00
10001000001100010 1.00
10000100001100001 1.00
01001000010010100 1.00
00100100001100100 1.00
00101000010010010 1.00
10001000001100010 1.00
10001000010010001 1.00
01000100100010100 1.00
00101000001010010 1.00
10001001000100010 1.00
01000100001100010 1.00
10001000001100010 1.00
10001001000100010 1.00
10000010100100010 1.00
00100010100010010 1.00
10001000001100010 1.00
00101000001100001 1.00
10001001000100010 1.00
00100010100100001 1.00
00010100010100010 1.00
00101000001100001 1.00
10001000001010010 1.00
10000010001100100 1.00
01000010010010100 1.00
00101000010100010 1.00
01001000001010100 1.00
10001000100100001 1.00
00100100100100100 1.00
10001000001100010 1.00
01000100010001100 1.00
00010100100001001 1.00
01000100100100001 1.00
10000010001010010 1.00
10000100100100001 1.00
00100010010010001 1.00
01000010001100001 1.00
10001001000100010 1.00
01001000001100010 1.00
10001001000001010 1.00
00011000001100001 1.00
10001000010100010 1.00
01000010001100100 1.00
00010011000100001 1.00
10001000001100010 1.00
10001000001010001 1.00
01001000001100010 1.00
10001000001100010 1.00
00101000001100010 1.00
00010100010001100 1.00
10001000010100001 1.00
10001000001100010 1.00
01001000100010010 1.00
00100010001100010 1.00
01000100100001100 1.00
01000100100001010 1.00
10001000001100010 1.00
01001000010100001 1.00
00101000100100010 1.00
01000100001100001 1.00
10001001000100010 1.00
10001000001100010 1.00
10001000001100010 1.00
10001000001100010 1.00
10001001000100010 1.00
01000010001100001 1.00
00101001000100010 1.00
10001001000100010 1.00
10000100100001100 1.00
10000100001001001 1.00
10001000001100010 1.00
00101000001100001 1.00
10001000100100010 1.00
00100010010100010 1.00
10001000001100010 1.00
10001000001100010 1.00
10001001000100010 1.00
01001000001100001 1.00
01000100100100001 1.00
10001001000100010 1.00
00011000100010010 1.00
01001000001100010 1.00
00101000001100010 1.00
01000100001100010 1.00
10001000001100010 1.00
00101000001100010 1.00
10001001000010100 1.00
01000100001010100 1.00
00010100010100001 1.00
10001000100100001 1.00
01001000100010001 1.00
10001000010100001 1.00
01001000001010010 1.00
10001000001001100 1.00
10000100001100010 1.00
01001000001100001 1.00
10001000001100010 1.00
10001000001100010 1.00
01001000001100010 1.00
10001000001010001 1.00
01000010001100010 1.00
00100010001010010 1.00
10001001000100010 1.00
10001000001100010 1.00
01000100001010001 1.00
10001000001100001 1.00
10001000010001100 1.00
00011001000100001 1.00
10001001000100010 1.00
10001000001001010 1.00
01000010001100010 1.00
10001000001100010 1.00
01001000010100010 1.00
10001000001100010 1.00
10001000100100010 1.00
01000010001100100 1.00
00011000100100100 1.00
01000010100010100 1.00
10001001000100010 1.00
10001000001001001 1.00
10001000001100010 1.00
01001000010001100 1.00
10001000001100001 1.00
10001000001100010 1.00
10001000001100010 1.00
01000010001001001 1.00
00100010001100010 1.00
00101000001010100 1.00
00101000001100010 1.00
00101000010100010 1.00
10001000001100010 1.00
10001000001100010 1.00
01001000001100010 1.00
10001000001100010 1.00
10001000001010010 1.00
10000011000100001 1.00
00010100100010001 1.00
01001000001100010 1.00
10001000100001010 1.00
10001000001001010 1.00
01001000001001001 1.00
10001001000100010 1.00
10001000100010100 1.00
00100100010100010 1.00
01001000001100010 1.00
10001000001100010 1.00
10001000001100010 1.00
01000100001010100 1.00
10001000010001001 1.00
00010010100100010 1.00
01000010001001010 1.00
10001000001100001 1.00
10001000001100001 1.00
10001000001100010 1.00
01000100001100010 1.00
10001000001100010 1.00
00010101000100010 1.00
10001000001100010 1.00
00101000001001001 1.00
00010100100001010 1.00
01000010001010010 1.00
10001000001100010 1.00
10001000001100010 1.00
10001000001100010 1.00
01000100100001001 1.00
00011001000100010 1.00
00101000001100010 1.00
01000010100010100 1.00
00010100100100010 1.00
01000010001100001 1.00
00101000001100010 1.00
00101000001100010 1.00
00010010001100001 1.00
01001000001010010 1.00
10001000001001100 1.00
10000100001100001 1.00
10001000001100010 1.00
00011000100010001 1.00
01000100001100001 1.00
10001000001100001 1.00
00010100010001100 1.00
00010100001010100 1.00
01000010010001100 1.00
01000011000100010 1.00
00100010001100010 1.00
10001000001010010 1.00
10000010001001010 1.00
00010100010001001 1.00
10001000001100010 1.00
10001000001100010 1.00
01001000100001100 1.00
10001001000100010 1.00
10000010100001100 1.00
00010100100100001 1.00
10001001000100010 1.00
10000010001100010 1.00
00010010010100001 1.00
10001000001010010 1.00
00010100100001100 1.00
00010100001100010 1.00
10001000001100010 1.00
00100010010100100 1.00
00100010001100010 1.00
10001000001100010 1.00
10001000001010001 1.00
00010100100001001 1.00
10001000001100001 1.00
10001000010001010 1.00
10001000001001010 1.00
00101000010100001 1.00
00010100010010100 1.00
10001000001100010 1.00
01001000001100010 1.00
00100010001100010 1.00
10001000001100010 1.00
01000010100001100 1.00
01000010010100100 1.00
10001000100100010 1.00
00101000001100001 1.00
10001000001001010 1.00
10000010100100001 1.00
10000010001010100 1.00
10001000001100010 1.00
10001000001001001 1.00
10001001000100010 1.00
00011000100100010 1.00
01001000001010001 1.00
01000010001100001 1.00
10001001000100010 1.00
10001000010010010 1.00
00101000001100010 1.00
01001000001100001 1.00
10001001000001010 1.00
10000100001100010 1.00
10001001000100010 1.00
00101000100100100 1.00
01001000001100001 1.00
10001000001100010 1.00
01000010001100001 1.00
10001000001010001 1.00
10001000001100010 1.00
00010100010100100 1.00
10001000001100010 1.00
00010100100001100 1.00
10001001000100010 1.00
10001000100100100 1.00
10000100100100100 1.00
10001000001100010 1.00
00010010010001010 1.00
10001000010100010 1.00
00100011000100010 1.00
10000100100001001 1.00
10001000001100010 1.00
01001000100010100 1.00
10001001000100010 1.00
10001000001100010 1.00
01001000001010001 1.00
01001001000100010 1.00
01000010010001100 1.00
01001000001100001 1.00
10001001000100010 1.00
00011000010100100 1.00
10001000001100010 1.00
01000010010100010 1.00
10001000001100010 1.00
10001001000100010 1.00
00101000001100010 1.00
10001000001100010 1.00
10000010001001010 1.00
10001001000100010 1.00
01001000001100010 1.00
10001001000100010 1.00
00010100001010010 1.00
10001000001100010 1.00
00010100001001001 1.00
10001000001001001 1.00
10001000001100010 1.00
10001000001100010 1.00
00101000001100010 1.00
10001000001010001 1.00
10001000010100010 1.00
00101000001010010 1.00
01000100001100100 1.00
10001001000100010 1.00
00011000001100010 1.00
10001000010100001 1.00
00101000001100100 1.00
10000010001100010 1.00
00100010001100001 1.00
00010100010001100 1.00
10001000001100100 1.00
00100100001100010 1.00
01000010010100010 1.00
10001000100100001 1.00
00101000001100010 1.00
01001000001001010 1.00
10001000001100010 1.00
00010100001100100 1.00
10001000001100010 1.00
00010100100001100 1.00
10001000100100010 1.00
01001000010010001 1.00
10001000010001010 1.00
10001000010100010 1.00
00010100001100001 1.00
00101000010100100 1.00
01000010100010001 1.00
00101000010100001 1.00
00010010001001100 1.00
00100010001100001 1.00
10001000010010001 1.00
01000100001100010 1.00
10001000010100010 1.00
10001000010001010 1.00
10001000001100010 1.00
00010100001001001 1.00
01001000001010010 1.00
01001001000100010 1.00
10001000001100010 1.00
00101000001100100 1.00
10001001000100010 1.00
00101000010100100 1.00
00010010001010001 1.00
10000100001100001 1.00
00010100100100001 1.00
00101000001100010 1.00
10001001000100001 1.00
00010010010100100 1.00
10001001000100010 1.00
01000100001100010 1.00
00010100001010010 1.00
10001000001100010 1.00
01000010001100010 1.00
01000010100100001 1.00
10001000001001010 1.00
00100010001001100 1.00
01001000001100010 1.00
10001000001100010 1.00
01000100100001100 1.00
10001000001100001 1.00
10001000001100010 1.00
10001000001100010 1.00
00010100001100010 1.00
00100010001010001 1.00
00101000100100010 1.00
10001000001100010 1.00
00010100001100100 1.00
10001000001100010 1.00
00100010001100010 1.00
10000100100010100 1.00
01000100001100001 1.00
10000100100100010 1.00
10000010001100001 1.00
10001000001001010 1.00
01001001000100010 1.00
00010010010100001 1.00
10001000001100001 1.00
10001000001100001 1.00
01000010001010010 1.00
01001000100010100 1.00
10000100100001010 1.00
10001000001010001 1.00
00010100001100010 1.00
01000010001100001 1.00
10001000010010001 1.00
01000100001100010 1.00
00010010100100010 1.00
00100100001100010 1.00
01000010010100001 1.00
10001000001100010 1.00
10000010001100010 1.00
10001000001100010 1.00
10001000001001001 1.00
10000100100100010 1.00
10001000010100001 1.00
10001000100100001 1.00
01000011000100010 1.00
10001000100100001 1.00
01000010001100010 1.00
01000010010010100 1.00
00010100001001010 1.00
10001000001100010 1.00
10001000001100001 1.00
10000010001100010 1.00
10001001000100010 1.00
00100100100010010 1.00
01000100010100001 1.00
10001000010100010 1.00
10001000001100010 1.00
10000100001100010 1.00
10001000010100010 1.00
10001000001001010 1.00
00101000010010001 1.00
01001000001010001 1.00
10001001000100010 1.00
10000100100010100 1.00
00100010010100001 1.00
10001000001100010 1.00
01001000001100001 1.00
01001000100100001 1.00
10001000001100010 1.00
01000100001100001 1.00
01000100001100001 1.00
10001001000100010 1.00
10001000001001100 1.00
01001000001100001 1.00
10001001000100010 1.00
00011000001100010 1.00
01001000001100010 1.00
00011000100100001 1.00
01000100100100001 1.00
10001000001100010 1.00
10001001000100010 1.00
01001000001100001 1.00
10001000001001100 1.00
10001000010100010 1.00
00101000001100010 1.00
10001000001010001 1.00
10000010100100010 1.00
10001000010001010 1.00
01001000001100010 1.00
00010100010001100 1.00
10000010001100010 1.00
10001000001100100 1.00
00011000100001100 1.00
10001000001100001 1.00
00101000001100010 1.00
10001001000100010 1.00
10001000001100010 1.00
10001000001100010 1.00
00100010010010010 1.00
00011000010010010 1.00
10000100100100010 1.00
01001000010001010 1.00
10001000001001100 1.00
00101000001010001 1.00
01000100100100001 1.00
00010100001100010 1.00
01001000100100010 1.00
00101000001100010 1.00
01000010001010100 1.00
10001000001100010 1.00
10001000010001001 1.00
01000010001001010 1.00
10001000001100010 1.00
01001001000100010 1.00
10001000001100010 1.00
10001000001010010 1.00
10001000001001010 1.00
00010100001100100 1.00
01001001000100100 1.00
10001000010100001 1.00
00010010010001001 1.00
01001000001100001 1.00
10001000100010100 1.00
00101001000100010 1.00
10001000001100100 1.00
10001000100100010 1.00
00011000001100010 1.00
00010100001001100 1.00
01001000001100010 1.00
10001000001100010 1.00
10000010001100001 1.00
00010100001010100 1.00
00010100100100100 1.00
01000100010100100 1.00
00101000001010010 1.00
01000100001100001 1.00
10001000001100010 1.00
10001000001100010 1.00
01001000001100100 1.00
00100101000100010 1.00
10000011000100001 1.00
10001001000100010 1.00
10001000010100010 1.00
01000010001100010 1.00
10001000001010010 1.00
00101000001100001 1.00
00100010010010100 1.00
01000010001010001 1.00
00100100001100010 1.00
01000010100100100 1.00
00100100010100001 1.00
00010100010001100 1.00
01000100100100100 1.00
01000010010010100 1.00
01001000100100010 1.00
01001000010001010 1.00
01001000001010001 1.00
00101000001001010 1.00
00101000001100001 1.00
10001000001100010 1.00
10000011000100010 1.00
10001000001010001 1.00
10000010001010010 1.00
10001000010100010 1.00
10001000001100010 1.00
01001000001100010 1.00
01000010100100001 1.00
00011000010100010 1.00
10001000001100010 1.00
01000010100010100 1.00
01001000001010001 1.00
00101000010100010 1.00
10001000001100010 1.00
10001001000100010 1.00
10001000001100010 1.00
00010100001010100 1.00
10001000001100001 1.00
10000100010100010 1.00
10001001000100010 1.00
10001000001010010 1.00
10001000100001010 1.00
01000100001100010 1.00
01000100010100001 1.00
00100100001001001 1.00
00101000001010010 1.00
01000010010010100 1.00
01000010100100010 1.00
10001000010100001 1.00
10001000001100010 1.00
10001000001100010 1.00
01000010010010100 1.00
00010100001010001 1.00
10000100100010001 1.00
10001000001100010 1.00
01000011000100001 1.00
00101000001100010 1.00
00100011000001100 1.00
10001001000100010 1.00
10000010010001100 1.00
10001000001100010 1.00
10001000001100010 1.00
10001000001100010 1.00
10001000001100010 1.00
10000010001010001 1.00
00100100001100001 1.00
00101000001100001 1.00
10001000001100010 1.00
01000100001100001 1.00
10001000001100001 1.00
00010010001100001 1.00
10001000001100010 1.00
00010010001100010 1.00
01001000100010001 1.00
01000010001100010 1.00
01000010001100010 1.00
10001001000100010 1.00
10001000001100010 1.00
10001001000100010 1.00
10001000010010010 1.00
01000100100100001 1.00
00100010100100001 1.00
10001001000100010 1.00
00010100001010010 1.00
01000010001100010 1.00
10001001000100010 1.00
10001001000100010 1.00
01001000001100010 1.00
10001000001100010 1.00
10000010100010100 1.00
00100010001010001 1.00
10001000001100010 1.00
01001000001100010 1.00
00100010001100001 1.00
10001000001100010 1.00
00101001000100010 1.00
00100010010100100 1.00
10001000001100010 1.00
10000100010100010 1.00
10001000001001010 1.00
10001000001010010 1.00
00100010010100001 1.00
10001000010100010 1.00
00010100001100010 1.00
10001000001100010 1.00
01001000001001001 1.00
10001000001100010 1.00
01001000001100001 1.00
10001000001100010 1.00
10000010100100001 1.00
10001000001100010 1.00
00100010001100010 1.00
10001000001100010 1.00
10001000100100010 1.00
00101000001001010 1.00
01000010010100001 1.00
01000010001100010 1.00
01001000010100010 1.00
10001000001100010 1.00
10001000001100010 1.00
10001001000100010 1.00
00101000001100001 1.00
10000010001100001 1.00
10001000001100001 1.00
01000010010100001 1.00
01001000001100100 1.00
10001001000100010 1.00
00100010001001100 1.00
10001001000100010 1.00
10001000100100001 1.00
01000010001100010 1.00
10000010010100001 1.00
10000010001100100 1.00
01000100100001001 1.00
00101000001010001 1.00
01001000100100001 1.00
01001000001100010 1.00
00101000001100100 1.00
10001000001001001 1.00
10001000001100010 1.00
10001000001001001 1.00
01001000001100100 1.00
00011000001100001 1.00
10001000001100010 1.00
00100010001100010 1.00
10001000001010001 1.00
00010100001100001 1.00
10001000001010100 1.00
01001000100001010 1.00
00100100100010001 1.00
00100101000010001 1.00
00100100100100001 1.00
01000010100010100 1.00
10001000001100010 1.00
00101000010100100 1.00
01001000001001001 1.00
10001001000100010 1.00
00010010001001100 1.00
01001000100100100 1.00
10001000001100010 1.00
00010100010100001 1.00
10001000001100001 1.00
10001000001100010 1.00
10001000001100010 1.00
00100010001100001 1.00
00010100100100100 1.00
10001000001100010 1.00
01001000001100010 1.00
10001000100010010 1.00
10001000001100001 1.00
10001000001100010 1.00
10001000001001001 1.00
01000010010001100 1.00
01000100100001100 1.00
10001000001100010 1.00
10001001000100010 1.00
10001000001100010 1.00
00010100001010100 1.00
10000100001100010 1.00
10001000001100010 1.00
10001001000100010 1.00
01000010100001100 1.00
10000010001010100 1.00
10001000010100010 1.00
10000010001100010 1.00
01001000001100010 1.00
00010100001001100 1.00
00010100100010100 1.00
00101000001100001 1.00
10001000001100010 1.00
01000010100001001 1.00
10001000001100010 1.00
00100010010001010 1.00
01000100001010001 1.00
10001000100010001 1.00
00100010010010100 1.00
10001000010100001 1.00
00010010001100100 1.00
10001001000100010 1.00
00011000100010001 1.00
00101000001100010 1.00
10001000001100010 1.00
10001000001100010 1.00
10001000001100001 1.00
10001000100010001 1.00
00101000001100010 1.00
00101000010010010 1.00
10001000100100100 1.00
00010100001100010 1.00
00100100100100001 1.00
00101000010100100 1.00
01001000100100001 1.00
00101000001100010 1.00
10001000001010010 1.00
00010010010100001 1.00