1000
5
10111 1.00
01101 1.00
00001 1.00
00010 1.00
01101 1.00
11110 1.00
10101 1.00
01100 1.00
01101 1.00
10101 1.00
01101 1.00
01110 1.00
01101 1.00
00011 1.00
00001 1.00
01110 1.00
00101 1.00
10101 1.00
10111 1.00
01110 1.00
00001 1.00
11110 1.00
00101 1.00
01110 1.00
10110 1.00
01101 1.00
10110 1.00
01101 1.00
11110 1.00
01101 1.00
00111 1.00
11111 1.00
00101 1.00
01011 1.00
01110 1.00
00001 1.00
10101 1.00
01101 1.00
00001 1.00
01101 1.00
01110 1.00
10101 1.00
10101 1.00
00001 1.00
01110 1.00
01101 1.00
01100 1.00
01101 1.00
10011 1.00
01110 1.00
01101 1.00
10011 1.00
01100 1.00
11110 1.00
11110 1.00
01110 1.00
00101 1.00
10111 1.00
01110 1.00
00101 1.00
10011 1.00
00011 1.00
00001 1.00
01100 1.00
10010 1.00
00101 1.00
01001 1.00
11101 1.00
00011 1.00
01110 1.00
01011 1.00
11101 1.00
10111 1.00
11101 1.00
01010 1.00
10101 1.00
11100 1.00
10011 1.00
00101 1.00
01101 1.00
01110 1.00
10101 1.00
00001 1.00
10001 1.00
01110 1.00
01101 1.00
10111 1.00
00011 1.00
00101 1.00
01100 1.00
01100 1.00
01101 1.00
00111 1.00
00101 1.00
01100 1.00
00001 1.00
11110 1.00
10110 1.00
01110 1.00
11110 1.00
01110 1.00
01001 1.00
01100 1.00
01100 1.00
01011 1.00
10111 1.00
10011 1.00
01101 1.00
01110 1.00
01101 1.00
01110 1.00
01101 1.00
10101 1.00
01110 1.00
00011 1.00
01101 1.00
01101 1.00
01100 1.00
01110 1.00
01110 1.00
01110 1.00
01101 1.00
00101 1.00
11000 1.00
10101 1.00
01101 1.00
00111 1.00
01111 1.00
01100 1.00
10110 1.00
00001 1.00
01010 1.00
00101 1.00
00101 1.00
10101 1.00
00101 1.00
01110 1.00
00111 1.00
00111 1.00
00001 1.00
00101 1.00
01101 1.00
01110 1.00
01101 1.00
00111 1.00
10111 1.00
01001 1.00
01100 1.00
01100 1.00
11110 1.00
01101 1.00
00101 1.00
01011 1.00
00001 1.00
01101 1.00
10110 1.00
00011 1.00
10111 1.00
01110 1.00
01110 1.00
11110 1.00
10010 1.00
00001 1.00
01110 1.00
10100 1.00
10111 1.00
00101 1.00
01010 1.00
10000 1.00
01101 1.00
01101 1.00
00101 1.00
10111 1.00
01101 1.00
10101 1.00
01011 1.00
00001 1.00
10101 1.00
10101 1.00
01110 1.00
10101 1.00
10011 1.00
10110 1.00
10101 1.00
01010 1.00
10111 1.00
10111 1.00
00001 1.00
01100 1.00
10101 1.00
10010 1.00
10101 1.00
01101 1.00
10101 1.00
11110 1.00
11110 1.00
01011 1.00
00101 1.00
10001 1.00
01101 1.00
01111 1.00
01101 1.00
00101 1.00
01110 1.00
11101 1.00
01101 1.00
10001 1.00
01110 1.00
11110 1.00
00011 1.00
01110 1.00
01100 1.00
00110 1.00
10010 1.00
01001 1.00
10010 1.00
01101 1.00
01101 1.00
01110 1.00
10110 1.00
01100 1.00
01100 1.00
00101 1.00
01110 1.00
01111 1.00
11100 1.00
10011 1.00
01110 1.00
00001 1.00
10110 1.00
01110 1.00
11100 1.00
00101 1.00
00001 1.00
00011 1.00
01110 1.00
01101 1.00
11111 1.00
01101 1.00
01100 1.00
01101 1.00
00001 1.00
01110 1.00
01110 1.00
01100 1.00
00101 1.00
01110 1.00
10101 1.00
10110 1.00
10011 1.00
01101 1.00
00010 1.00
01101 1.00
01100 1.00
10011 1.00
10001 1.00
00111 1.00
01001 1.00
10110 1.00
01010 1.00
01101 1.00
00001 1.00
00011 1.00
00101 1.00
00110 1.00
01100 1.00
01001 1.00
11110 1.00
01110 1.00
10111 1.00
01101 1.00
01011 1.00
01101 1.00
01110 1.00
10100 1.00
01111 1.00
01100 1.00
00101 1.00
11110 1.00
01101 1.00
00101 1.00
11110 1.00
01110 1.00
10110 1.00
10001 1.00
01100 1.00
01101 1.00
00011 1.00
10001 1.00
01100 1.00
10101 1.00
10010 1.00
11110 1.00
00101 1.00
01110 1.00
10100 1.00
00011 1.00
01111 1.00
01101 1.00
01100 1.00
01001 1.00
11110 1.00
01110 1.00
10101 1.00
01111 1.00
10111 1.00
01101 1.00
00101 1.00
01001 1.00
00011 1.00
11100 1.00
00001 1.00
00001 1.00
01100 1.00
00101 1.00
01100 1.00
01010 1.00
01101 1.00
10101 1.00
01101 1.00
01101 1.00
00101 1.00
00011 1.00
01110 1.00
10111 1.00
01111 1.00
10011 1.00
11110 1.00
00001 1.00
10101 1.00
01110 1.00
01010 1.00
10110 1.00
01101 1.00
00101 1.00
00011 1.00
01101 1.00
01011 1.00
01110 1.00
01101 1.00
01110 1.00
01110 1.00
10110 1.00
01100 1.00
00001 1.00
01110 1.00
11110 1.00
11110 1.00
11001 1.00
10101 1.00
01011 1.00
10111 1.00
11110 1.00
10001 1.00
01000 1.00
00101 1.00
00010 1.00
11110 1.00
01111 1.00
00010 1.00
00010 1.00
10111 1.00
01110 1.00
01010 1.00
10111 1.00
00011 1.00
00011 1.00
00011 1.00
00111 1.00
11100 1.00
00101 1.00
00101 1.00
01001 1.00
00101 1.00
11110 1.00
11101 1.00
10111 1.00
00101 1.00
01110 1.00
11110 1.00
00001 1.00
10111 1.00
01100 1.00
01110 1.00
01101 1.00
00111 1.00
10001 1.00
00010 1.00
00001 1.00
01101 1.00
11100 1.00
01110 1.00
01101 1.00
01110 1.00
01100 1.00
10111 1.00
01101 1.00
01101 1.00
01101 1.00
00001 1.00
01111 1.00
10110 1.00
01101 1.00
10011 1.00
01110 1.00
01110 1.00
01110 1.00
10100 1.00
01101 1.00
01010 1.00
11110 1.00
01101 1.00
10101 1.00
10001 1.00
01101 1.00
01110 1.00
01101 1.00
01110 1.00
00001 1.00
00100 1.00
11110 1.00
11110 1.00
11100 1.00
10101 1.00
01101 1.00
10101 1.00
01100 1.00
11100 1.00
10101 1.00
01100 1.00
01110 1.00
01110 1.00
00101 1.00
01110 1.00
01110 1.00
01100 1.00
01101 1.00
01110 1.00
01111 1.00
01101 1.00
01101 1.00
01110 1.00
01110 1.00
00001 1.00
00101 1.00
11101 1.00
01110 1.00
11101 1.00
10101 1.00
10001 1.00
01111 1.00
01101 1.00
10011 1.00
10111 1.00
01001 1.00
11010 1.00
01100 1.00
10110 1.00
10101 1.00
00111 1.00
10111 1.00
01110 1.00
00101 1.00
10001 1.00
11100 1.00
10000 1.00
01100 1.00
01110 1.00
01101 1.00
10010 1.00
11100 1.00
00011 1.00
00001 1.00
01100 1.00
01101 1.00
00111 1.00
10101 1.00
00001 1.00
01101 1.00
10101 1.00
10111 1.00
10111 1.00
00101 1.00
10011 1.00
00001 1.00
10011 1.00
00101 1.00
01110 1.00
01110 1.00
10001 1.00
00001 1.00
10101 1.00
00010 1.00
01111 1.00
10101 1.00
11110 1.00
01101 1.00
11000 1.00
00011 1.00
01110 1.00
00110 1.00
01100 1.00
01101 1.00
10001 1.00
10101 1.00
00101 1.00
01100 1.00
11110 1.00
00001 1.00
00010 1.00
01100 1.00
00010 1.00
10110 1.00
00001 1.00
00011 1.00
00111 1.00
01100 1.00
10101 1.00
10101 1.00
01101 1.00
11110 1.00
00101 1.00
01100 1.00
10110 1.00
10111 1.00
01101 1.00
10001 1.00
10111 1.00
01100 1.00
01110 1.00
10110 1.00
10111 1.00
01111 1.00
00111 1.00
10001 1.00
10110 1.00
01100 1.00
01011 1.00
01101 1.00
01101 1.00
01110 1.00
10010 1.00
01001 1.00
10110 1.00
00101 1.00
01110 1.00
01100 1.00
10110 1.00
01111 1.00
10111 1.00
01110 1.00
01110 1.00
01111 1.00
01110 1.00
10111 1.00
01101 1.00
10101 1.00
11110 1.00
00111 1.00
01101 1.00
00001 1.00
11110 1.00
01101 1.00
00001 1.00
01010 1.00
10010 1.00
01110 1.00
00001 1.00
01010 1.00
00101 1.00
11111 1.00
01110 1.00
10101 1.00
01011 1.00
01100 1.00
10101 1.00
01110 1.00
00001 1.00
10110 1.00
00100 1.00
11100 1.00
01110 1.00
00001 1.00
01101 1.00
01110 1.00
01101 1.00
01110 1.00
00101 1.00
01101 1.00
00011 1.00
10110 1.00
01101 1.00
00001 1.00
01110 1.00
01110 1.00
10111 1.00
01110 1.00
01110 1.00
01110 1.00
01101 1.00
10101 1.00
00011 1.00
01110 1.00
00101 1.00
00010 1.00
00011 1.00
01101 1.00
10101 1.00
10001 1.00
00111 1.00
01110 1.00
10101 1.00
00101 1.00
10111 1.00
10100 1.00
00010 1.00
00001 1.00
00001 1.00
10111 1.00
00011 1.00
00010 1.00
01110 1.00
01101 1.00
00001 1.00
00101 1.00
01100 1.00
01001 1.00
01010 1.00
01100 1.00
01101 1.00
11110 1.00
11111 1.00
01101 1.00
00101 1.00
00010 1.00
00101 1.00
10101 1.00
01110 1.00
00011 1.00
10001 1.00
11110 1.00
10010 1.00
01110 1.00
00011 1.00
10101 1.00
10110 1.00
01101 1.00
00001 1.00
10110 1.00
11101 1.00
10000 1.00
01101 1.00
10110 1.00
10110 1.00
01011 1.00
11101 1.00
00011 1.00
10111 1.00
01100 1.00
01101 1.00
01011 1.00
10110 1.00
00011 1.00
01111 1.00
01110 1.00
01100 1.00
01101 1.00
10000 1.00
10110 1.00
01110 1.00
01100 1.00
10110 1.00
00010 1.00
01100 1.00
01110 1.00
01011 1.00
01010 1.00
01110 1.00
10010 1.00
01110 1.00
01011 1.00
10111 1.00
01010 1.00
00010 1.00
01101 1.00
01101 1.00
00101 1.00
01100 1.00
01100 1.00
00001 1.00
00101 1.00
00101 1.00
10111 1.00
01101 1.00
10001 1.00
10101 1.00
01111 1.00
00001 1.00
10101 1.00
01110 1.00
01110 1.00
11110 1.00
01101 1.00
10100 1.00
01010 1.00
10101 1.00
11110 1.00
10111 1.00
00001 1.00
01101 1.00
11101 1.00
10101 1.00
00001 1.00
10011 1.00
10111 1.00
11110 1.00
01000 1.00
00001 1.00
01010 1.00
10101 1.00
10101 1.00
01101 1.00
01001 1.00
00101 1.00
10101 1.00
10011 1.00
00011 1.00
11100 1.00
01110 1.00
10001 1.00
01100 1.00
01100 1.00
00111 1.00
10011 1.00
10101 1.00
00111 1.00
01101 1.00
01110 1.00
01100 1.00
01110 1.00
00101 1.00
01101 1.00
00101 1.00
00111 1.00
11111 1.00
01110 1.00
00111 1.00
00011 1.00
01101 1.00
00001 1.00
10100 1.00
11110 1.00
00001 1.00
00001 1.00
01100 1.00
01101 1.00
01010 1.00
00001 1.00
01010 1.00
11110 1.00
10001 1.00
10010 1.00
10011 1.00
00011 1.00
11110 1.00
00001 1.00
01101 1.00
01101 1.00
01101 1.00
01101 1.00
01101 1.00
00001 1.00
00011 1.00
01101 1.00
00101 1.00
00001 1.00
00101 1.00
00011 1.00
10011 1.00
00101 1.00
00101 1.00
00101 1.00
10110 1.00
10101 1.00
00101 1.00
10101 1.00
10101 1.00
11110 1.00
01100 1.00
01110 1.00
10111 1.00
00101 1.00
10001 1.00
01110 1.00
10101 1.00
01111 1.00
01111 1.00
01001 1.00
01110 1.00
01010 1.00
10101 1.00
01100 1.00
10111 1.00
01100 1.00
01100 1.00
10101 1.00
11100 1.00
10110 1.00
01101 1.00
01100 1.00
10101 1.00
00101 1.00
10111 1.00
00110 1.00
01101 1.00
01101 1.00
11110 1.00
01101 1.00
11101 1.00
00001 1.00
00001 1.00
00101 1.00
10101 1.00
10101 1.00
10111 1.00
10110 1.00
10110 1.00
10110 1.00
10111 1.00
01100 1.00
00011 1.00
01010 1.00
01110 1.00
00001 1.00
01110 1.00
11100 1.00
01101 1.00
01101 1.00
01101 1.00
01011 1.00
00001 1.00
10101 1.00
10001 1.00
01101 1.00
10010 1.00
01101 1.00
01001 1.00
01110 1.00
10101 1.00
10110 1.00
00001 1.00
11110 1.00
01110 1.00
01110 1.00
10111 1.00
01100 1.00
10111 1.00
00011 1.00
10101 1.00
01101 1.00
01100 1.00
10101 1.00
01100 1.00
01101 1.00
00001 1.00
00111 1.00
01110 1.00
10011 1.00
10001 1.00
01010 1.00
01100 1.00
01101 1.00
01110 1.00
01101 1.00
11110 1.00
00100 1.00
10001 1.00
00101 1.00
01010 1.00
11100 1.00
01110 1.00
10110 1.00
11110 1.00
01111 1.00
01100 1.00
01100 1.00
00011 1.00
01110 1.00
00101 1.00
10001 1.00
00110 1.00
01101 1.00
01110 1.00
01100 1.00
00111 1.00
00101 1.00
00101 1.00
11110 1.00
10011 1.00
01101 1.00
10011 1.00
11110 1.00
01101 1.00
01110 1.00
01110 1.00
11101 1.00
01101 1.00
01101 1.00
10101 1.00
10110 1.00
00001 1.00
00001 1.00
01001 1.00
11110 1.00
01101 1.00
01100 1.00
10101 1.00
01110 1.00
00101 1.00
11110 1.00
01110 1.00
00101 1.00
01110 1.00
10110 1.00
00101 1.00
11100 1.00
10010 1.00
10101 1.00
10001 1.00
11100 1.00
00011 1.00
01101 1.00
01110 1.00
01100 1.00
10011 1.00
10101 1.00
10011 1.00
01101 1.00
01100 1.00
01111 1.00
01101 1.00
01101 1.00
00011 1.00
10101 1.00
00011 1.00
01101 1.00
01100 1.00
10110 1.00
11111 1.00
01100 1.00
01110 1.00
10111 1.00
01111 1.00
01101 1.00
01110 1.00
01010 1.00
11110 1.00
00001 1.00
01101 1.00
01010 1.00
00101 1.00
01100 1.00
00011 1.00
10011 1.00
00101 1.00
10111 1.00
10101 1.00
10101 1.00
10101 1.00
11111 1.00
01100 1.00
01100 1.00
10101 1.00
01101 1.00
01101 1.00
10000 1.00
01100 1.00
01100 1.00
01101 1.00
01101 1.00
01110 1.00
01110 1.00
01101 1.00
11111 1.00
10111 1.00
00001 1.00
00101 1.00
01101 1.00
01100 1.00
10101 1.00
01101 1.00
10011 1.00
10111 1.00
00011 1.00
01110 1.00
00001 1.00
10011 1.00
01110 1.00
11100 1.00
01110 1.00